162.926 165.883 166.389 166.301 170.186 168.874 163.373 164.381 165.579 166.996 173.361 165.5 164.144 169.378 164.634 161.439 172.688 166.174 162.924 160.782 165.809 165.15 168.569 162.465 169.043 162.698 163.498 164.231 167.004 159.026 167.088 158.242 164.972 161.743 164.532 160.619 160.266 161.885 160.038 173.145 167.224 164.815 165.299 161.169 166.132 165.752 159.615 164.795 162.115 167.522 171.477 169.835 168.88 168.988 172.296 158.87 163.896 167.321 149.629 164.323 163.496 167.326 152.645 158.905 159.429 164.398 160.713 162.184 159.587 166.831 167.885 161.55 166.392 167.902 158.409 164.453 162.71 162.368 157.968 165.753 163.921 155.171 163.236 164.9 164.517 167.559 168.327 170.504 162.319 161.793 159.431 161.318 162.685 169.515 169.223 168.377 171.103 161.872 168.996 166.129
147.444 149.403 155.579 149.333 140.613 148.502 150.212 151.365 148.408 153.035 137.415 150.257 144.14 147.285 147.065 141.955 139.683 150.324 144.189 145.004 149.706 133.482 141.902 136.726 149.051 148.226 148.986 136.313 146.683 146.633 152.442 140.512 145.346 148.818 148.509 143.729 141.512 141.048 146.618 145.449 139.473 139.711 144.403 135.623 157.913 160.353 153.043 138.74 141.668 143.668 151.611 157.142 148.986 148.354 133.128 146.741 138.598 136.353 135.719 135.17 138.674 142.73 137.349 145.891 145.677 128.77 154.95 137.415 142.018 132.524 142.741 135.351 140.813 132.304 121.494 136.465 146.561 132.034 133.831 128.327 139.155 138.701 131.863 145.962 145.119 154.557 150.364 140.415 147.094 131.821 150.255 139.952 152.582 133.621 158.726 147.533 149.325 145.721 146.752 148.293
145.844 130.538 141.029 141.156 140.04 143.136 152.088 128.934 147.256 135.796 130.169 131.874 131.798 136.957 133.682 130.874 133.94 131.249 142.49 132.593 125.666 120.545 118.495 134.841 121.039 133.678 133.653 126.413 128.354 131.47 130.229 118.427 118.794 120.974 119.381 127.483 128.747 127.163 132.564 128.52 123.708 134.806 133.123 133.344 141.333 134.429 125.708 133.607 133.921 147.774 136.432 134.436 133.335 124.292 125.588 132.819 119.292 119.289 129.522 121.851 102.522 111.6 122.411 120.914 118.605 112.284 130.228 117.835 122.47 123.383 118.53 116.185 112.621 114.663 120.403 122.994 128.329 107.716 124.64 124.089 125.344 124.853 120.66 130.559 134.055 100.631 129.862 129.413 138.206 130.192 132.738 141.78 137.848 132.321 145.395 133.385 138.241 139.885 128.393 130.533
135.422 136.862 137.352 139.501 123.12 134.729 132.344 120.093 128.473 139.477 131.436 107.765 122.398 131.55 122.152 126.576 122.294 115.086 116.589 120.658 125.169 110.523 118.539 124.022 111.609 119.161 117.694 109.379 100.495 109.167 106.534 118.103 103.722 122.282 101.083 111.262 114.979 114.64 109.844 116.039 125.477 117.666 112.323 126.644 127.694 134.564 117.243 127.708 136.05 135.054 131.717 133.119 135.513 112.925 110.123 108.191 122.289 127.409 124.128 116.001 112.746 117.409 115.696 107.731 115.954 115.539 106.326 111.796 105.491 103.739 108.659 105.906 117.1 115.308 112.237 104.782 107.14 104.415 103.994 93.5874 103.669 111.516 107.057 103.367 123.077 109.974 110.214 114.909 126.69 119.397 119.435 117.672 140.044 136.26 129.671 137.189 130.543 134.3 138.172 136.169
136.611 132.1 123.524 115.146 120.46 126.602 125.606 106.474 121.964 127.258 121.049 114.133 119.789 120.216 99.4444 103.419 116.404 110.928 108.557 111.483 118.984 103.415 105.612 102.531 101.867 107.454 100.202 109.288 100.553 109.474 105.247 98.3307 105.2 94.7597 100.504 100.833 101.621 100.976 107.376 114.555 105.422 110.081 103.428 134.239 115.802 114.67 141.976 125.521 129.155 121.836 115.82 122.684 126.41 129.493 102.473 106.935 113.11 114.504 107.205 107.122 96.0471 93.8105 96.4955 108.997 104.288 104.563 89.8978 103.721 98.9816 83.2458 99.9091 108.673 95.3401 105.992 95.8301 111.465 102.583 98.3289 110.141 106.912 99.976 99.5439 86.6468 97.1211 106.545 108.105 103.341 107.174 101.988 98.45 107.503 116.419 122.261 122.841 124.172 118.738 132.878 130.099 123.369 148.476
133.543 127.05 125.73 124.391 124.426 122.789 122.904 110.894 124.325 118.393 104.023 102.268 117.056 112.834 102.588 107.402 96.1372 111.568 99.4037 100.449 99.7264 96.6411 104.567 100.283 99.0855 100.133 90.2185 100.591 93.642 86.1895 87.8095 112.308 92.0374 108.812 100.347 100.666 103.623 100.924 96.3715 111.455 107.227 106.416 103.778 112.463 104.231 123.887 118.316 114.74 132.714 122.146 120.046 120.837 103.957 118.181 117.447 101.435 101.994 102.955 109.908 84.3352 98.6921 112.492 99.1098 100.113 89.2284 84.1629 96.6146 74.2329 93.1712 81.0753 86.6934 67.9009 88.961 97.3638 85.9641 83.9728 88.698 88.9168 90.5876 90.9722 106.111 92.7823 91.5424 102.991 82.7793 88.1919 91.801 114.603 91.16 97.0809 108.945 101.488 100.007 111.915 113.117 103.687 121.847 124.592 120.775 116.313
124.619 128.78 124.533 122.067 122.459 119.152 121.936 109.484 105.851 121.098 111.587 108.035 92.1269 100.512 106.311 95.1779 91.9728 86.3437 100.303 98.8348 95.7525 78.4316 93.4095 86.1269 90.8365 83.5905 82.3419 91.2492 86.6414 84.8051 95.0028 93.0882 88.5535 89.8021 84.382 91.3537 93.5975 100.392 94.423 90.1861 100.755 108.385 107.653 98.2602 118.677 122.158 121.803 125.29 110.55 128.075 128.404 123.12 112.501 99.8927 102.57 101.787 98.221 104.195 78.7163 84.5726 83.5461 85.3302 81.365 81.8116 82.5639 79.897 78.9461 67.0035 81.0202 84.7973 86.0798 79.6462 67.4972 82.8173 72.3087 94.2244 94.8043 82.5117 92.9393 72.6196 89.3685 76.5665 91.1865 85.9623 101.366 102.019 105.049 99.0516 103.735 96.066 98.5031 113.873 91.7299 107.964 103.359 108.996 112.797 109.278 145.882 114.711
120.005 129.325 121.373 118.929 124.761 108.913 112.644 120.566 105.634 111.665 108.747 86.114 98.1887 91.8168 94.5506 103.032 85.7795 95.3614 88.5645 88.3023 96.4947 90.8884 87.6964 93.0767 86.2436 80.7187 80.4535 79.3232 83.6364 71.9054 80.9056 91.3767 92.5824 86.1381 87.9737 87.8502 91.5636 72.7523 87.1961 90.2313 97.3568 108.355 84.0463 89.2156 100.088 114.555 119.264 117.38 116.961 126.594 139.072 117.747 114.236 111.879 119.848 96.8142 101.607 90.9125 86.325 83.3139 93.9478 77.3429 70.4345 93.9568 76.9691 79.4347 66.0941 71.3297 76.6948 71.3749 69.2077 63.3271 78.7475 73.7259 76.5019 78.654 79.7301 80.4022 73.9188 83.133 77.9879 84.4171 74.5638 93.6343 79.7421 83.1813 95.8648 79.6336 76.1794 100.157 97.2211 82.4699 96.7238 104.624 120.617 107.608 109.356 118.058 124.315 107.569
113.973 117.321 111.671 118.052 114.079 104.487 96.896 107.148 95.0991 101.593 97.364 87.5733 84.0581 88.3624 98.2044 93.3637 93.3774 82.5823 80.2388 71.7667 84 97.8013 83.2109 79.6786 72.7232 72.6242 76.136 75.7295 86.4733 75.0565 75.3195 84.0171 77.2462 81.2739 83.2074 83.7984 84.1401 88.0721 77.1984 88.8749 85.9404 88.2429 104.572 100.404 107.049 110.113 114.807 97.5758 123.259 121.544 124.731 122.148 107.93 97.0771 82.8727 99.2053 88.4103 88.1165 89.9168 69.2046 72.1562 73.4031 74.4757 73.1537 79.5385 69.9083 73.8369 72.2655 70.5779 66.1096 69.1089 81.1543 84.9224 70.0518 75.4152 80.3515 60.6164 78.5102 85.8516 77.4888 77.6289 84.9429 74.5236 77.5844 79.518 88.564 98.3547 97.1181 84.5158 86.5006 98.4811 97.1146 99.4752 98.0575 116.771 111.623 117.659 110.667 109.966 120.099
115.523 131.979 114.79 112.258 122.438 91.4569 110.407 105.298 103.946 101.468 91.8693 88.2955 83.0684 92.1404 89.4867 80.2925 89.1927 88.2 91.6173 82.4231 81.2395 86.0962 71.1824 72.0644 86.6536 80.4071 71.2091 84.1604 67.3336 69.3764 76.3407 80.178 70.8922 81.6022 70.5447 75.0502 69.0289 76.7302 81.8427 97.0925 79.3876 98.0662 108.749 110.063 113.992 101.384 110.918 116.233 111.323 128.234 108.203 107.604 111.815 104.294 87.8869 105.473 77.028 79.9184 68.7693 70.728 68.2004 81.3922 63.1795 72.156 60.9344 68.88 73.6031 67.4787 66.2989 55.0658 61.74 77.8413 53.5576 63.5689 69.2885 70.9915 67.2535 68.9907 69.3496 67.83 69.1625 72.4844 83.7213 75.5771 70.6135 73.2365 90.5902 84.6185 81.3044 73.6604 87.8869 90.7925 92.0831 97.9287 91.2507 106.13 97.4705 95.8745 114.103 123.404
118.094 122.238 118.672 107.193 117.254 109.004 104.826 108.172 100.356 96.2881 85.6996 87.2611 88.5736 79.5972 88.2571 93.1103 82.8215 89.1307 77.2677 84.2437 81.1376 81.4668 66.6539 73.0855 78.5211 62.4041 80.6059 63.2735 82.4965 75.3264 83.982 67.9664 69.2493 58.7199 63.5689 88.6791 81.3064 73.0728 80.5468 82.4881 78.9937 93.1399 77.58 94.4523 113.81 100.331 107.041 110.776 108.459 112.848 114.161 105.889 96.4949 81.4921 86.1174 90.9243 81.5427 79.3271 72.4946 63.8306 72.4566 59.9649 56.1793 63.2946 56.4368 64.0289 60.8764 64.5775 58.7452 66.312 69.3379 59.2516 62.2311 66.8733 58.3907 69.7895 81.7833 69.7177 67.5064 69.8064 75.0141 68.4264 78.0147 73.8367 74.0308 87.2274 71.6675 82.9312 74.9677 86.6407 75.0183 93.5323 91.7177 98.3391 99.7529 99.0144 103.192 103.576 103.973 120.516
115.163 115.911 105.119 116.975 110.434 129.982 112.662 84.6236 93.9097 87.1936 91.1733 97.3717 77.0894 86.3893 89.2782 89.893 76.4423 79.8396 66.5646 72.1159 77.2512 67.4798 73.5026 73.5858 59.451 61.5819 74.3623 74.3762 62.7189 56.4096 76.8213 76.5209 69.13 70.0359 84.2492 73.7984 69.8788 74.8476 83.3756 76.7381 89.3799 98.934 82.2247 93.9189 91.2935 94.64 114.599 122.212 116.67 122.651 125.928 100.843 104.827 91.8805 76.8398 86.6343 83.3479 68.0992 57.5374 68.8064 70.0775 58.314 67.0823 63.3337 56.5899 55.3003 68.9543 53.1417 50.9369 57.408 73.1883 72.1852 76.1003 59.8023 67.9282 59.4002 61.152 63.4169 75.3561 65.5339 67.8404 70.096 64.5586 76.9739 66.9852 86.4679 78.7396 87.7298 70.1653 83.1399 86.4032 88.6542 93.3643 89.9438 86.1675 97.5982 105.706 110.545 101.989 106.935
100.61 113.171 103.906 113.096 120.607 107.006 100.656 94.9984 95.1943 81.6088 95.2496 87.7936 84.141 85.4121 78.8505 77.298 73.3037 77.4537 68.8221 78.7048 68.4704 76.1072 59.3614 69.9726 71.7361 67.6765 63.7727 61.2405 64.7374 64.9986 69.9827 70.5504 56.5981 61.7128 69.3898 66.1642 69.1939 69.5807 75.0572 78.8404 76.6549 72.2335 84.2465 94.2347 102.359 104.715 111.508 99.5403 108.72 123.255 111.438 122.024 91.3307 118.492 86.0753 88.2056 71.8969 69.5908 66.2748 60.4266 67.2796 64.9986 58.1305 48.2679 71.7713 57.0051 58.6882 51.3226 49.941 57.3919 62.3659 59.6729 65.501 58.5575 60.723 68.9376 63.3155 66.2748 69.1687 60.5773 59.6428 68.812 75.8962 76.263 69.7264 78.0818 82.7844 74.9918 70.9021 75.0471 82.277 78.4385 75.5093 70.6057 95.963 84.4123 90.16 98.4952 107.649 100.621
131.489 119.741 105.622 108.65 104.58 107.228 97.6456 88.4047 88.6054 91.248 70.8561 83.711 88.524 83.5265 64.0842 75.3274 68.0453 69.7872 64.4857 72.115 61.4633 66.5911 69.9337 66.6128 60.3346 70.3786 61.3982 68.5445 68.4089 72.7065 66.3578 65.8531 58.761 68.6476 77.1235 61.3927 70.7151 75.8537 70.574 79.7335 84.1451 86.4566 70.2864 93.9395 88.2582 95.334 111.591 90.7434 103.962 97.1464 99.2192 115.851 73.6018 99.4091 69.6461 89.7775 74.0468 56.7913 63.471 50.7627 47.4581 54.7401 61.3493 62.7113 64.0082 58.4951 53.1448 52.4991 55.5704 58.1153 56.9432 65.0555 61.3059 69.9011 50.3611 59.6455 52.141 64.5345 52.651 59.1137 65.1206 71.5833 71.1546 54.7998 85.7404 54.7456 77.8018 74.6925 71.122 76.0762 74.3615 80.4715 81.497 89.045 98.1177 84.0311 103.202 96.7123 106.116 113.534
122.056 108.027 114.811 100.229 104.653 87.7739 101.657 104.839 93.8587 83.9622 96.7145 70.394 88.1994 81.8116 73.7511 74.8002 70.7146 64.6881 78.0757 60.247 73.1857 74.3397 67.2584 59.9555 70.5455 61.0979 55.3279 51.4637 56.2196 57.5659 74.9925 58.5451 67.7072 62.689 62.52 65.8071 71.2682 85.8506 61.943 73.1916 81.0248 83.0472 82.6101 89.3767 85.8273 102.234 100.835 105.83 112.334 118.238 107.847 102.251 107.87 96.9651 86.5383 76.0649 67.3983 61.4651 62.3918 63.266 55.7883 50.3622 48.7944 55.9981 48.9751 52.711 50.7061 56.4819 59.7399 46.4281 56.2371 50.2223 55.6543 59.6758 57.9739 47.2732 57.8982 52.3088 45.7578 61.2378 63.2952 61.5059 50.945 71.6529 62.52 75.8201 73.3373 76.9741 68.5872 80.1797 73.6695 64.2568 71.0118 93.5789 75.0217 94.3949 94.867 98.2532 104.618 118.279
112.669 105.566 104.407 109.136 88.788 98.4263 103.84 81.6357 84.0281 92.3518 78.8881 89.7288 78.7884 60.6022 86.3707 78.832 65.3995 71.879 69.3495 75.4365 68.957 63.6301 64.8761 57.3001 59.6676 64.44 61.8669 55.4248 59.0384 60.7455 58.3468 59.4994 63.9104 64.6705 63.0943 69.1128 59.1193 77.5174 63.8108 66.4649 58.839 66.3776 81.4176 83.6044 97.0744 97.7223 99.3297 104.426 126.762 115.784 106.881 107.871 93.7474 75.7792 84.134 65.5366 74.1344 67.686 51.8548 62.1099 49.1384 51.8174 50.6337 54.5214 45.9983 57.2503 61.1691 46.4843 59.9604 47.3192 48.3721 59.8234 56.3095 55.2316 69.6486 50.9514 56.079 53.2629 57.5368 52.0978 73.0565 56.2347 56.7207 55.1506 71.4242 64.7266 58.029 68.2405 75.0128 72.2466 65.1627 67.524 89.8784 79.0563 82.7945 83.3178 92.5823 85.6293 112.631 99.0182
109.201 119.534 103.517 110.481 103.955 99.2328 97.8865 86.3064 86.4457 83.9122 83.9851 67.6497 69.8914 69.0292 72.6438 72.6372 62.828 63.1265 65.8125 66.2967 66.1508 69.1486 61.6408 58.9813 69.3542 67.1058 64.5391 62.8943 76.61 53.0321 55.4396 66.1906 63.08 64.5391 71.3041 62.2245 63.604 57.993 59.2797 72.2061 79.4022 64.7315 71.198 79.117 78.5134 106.721 89.4634 100.38 113.632 116.921 103.929 100.122 84.5422 90.1598 71.523 85.2121 71.901 62.4964 57.9267 46.4594 52.9724 50.4057 52.9193 56.1758 58.1854 44.6753 55.433 54.206 56.1095 48.595 46.3931 45.9089 58.0925 62.5959 62.0321 56.01 55.5921 64.9636 46.4064 45.7299 70.0705 67.1125 60.4006 57.1773 62.4301 72.5377 52.78 66.7809 75.1177 66.0447 84.9136 68.0344 66.4293 73.5127 97.9528 91.022 112.61 115.853 96.3876 99.7501
103.785 112.979 110.692 105.782 112.289 102.624 85.418 87.2962 89.5542 75.7458 69.6963 78.0249 70.2731 75.3449 72.3482 71.8277 59.6794 60.4672 52.7224 75.8302 65.7219 64.5823 69.4852 58.5679 67.1076 63.8718 55.1141 66.2354 55.304 60.6642 63.4849 62.669 60.9244 56.0708 60.6079 65.2857 64.6667 56.7742 64.1532 62.2047 59.5668 65.2224 85.5306 72.2075 81.6336 99.128 105.649 106.746 103.32 109.349 101.66 96.8348 93.5005 82.1752 79.2208 59.9396 67.2061 67.192 65.0958 56.1763 51.6673 52.3707 57.0626 46.0679 47.2778 57.0274 45.5122 46.7291 45.6459 52.4551 55.9793 42.5296 48.3752 47.4537 52.0049 49.2123 47.8124 51.1537 57.8645 59.8341 68.008 58.4765 56.6405 48.4948 53.8127 55.6628 68.2261 59.8834 64.2587 75.9428 66.559 72.5311 71.49 69.5837 99.6485 85.1507 96.2157 102.04 83.2374 118.219
125.927 118.238 117.227 100.116 99.4093 97.922 86.0685 82.7147 84.0607 79.1527 76.9961 85.2207 63.9007 70.6306 79.8963 74.2372 54.2334 73.3672 61.6326 69.4185 66.3547 70.928 67.1578 52.0099 64.793 62.1457 51.7868 66.8455 63.0083 59.833 53.5046 53.5493 64.4138 73.1218 59.8776 50.2029 58.9852 50.9317 65.2615 54.6424 57.4013 77.5538 68.5187 86.827 88.1878 93.0884 96.1447 96.8215 115.033 114.951 106.228 104.384 86.7898 84.6779 84.2243 76.3715 65.6705 51.8463 62.9339 61.7664 62.1085 45.4659 52.7164 57.141 48.5297 52.4115 57.5649 51.1324 49.6005 46.7227 61.4839 55.0291 44.6777 44.41 50.1806 58.6283 48.6338 63.4991 71.8204 53.6013 51.1027 58.6803 64.4658 59.5578 63.1347 50.6714 65.3731 57.3195 76.3491 52.2851 71.6345 68.9797 76.3045 70.5116 87.7565 80.4317 79.108 97.8105 94.5534 95.4383
110.921 106.445 117.67 105.732 98.795 95.9261 94.1703 82.7028 78.8071 69.2129 68.6251 84.1686 74.253 61.3197 73.8611 64.5804 64.212 65.2467 57.3143 58.9055 59.0544 65.0194 62.6992 57.2124 59.5796 71.9956 57.2751 63.0833 52.2193 67.1593 49.0761 58.8663 51.5844 65.3329 64.6745 48.9115 62.4798 62.9893 65.5994 51.7098 70.7571 64.0318 61.6489 81.8249 78.6974 83.9099 98.2306 102.863 97.243 115.052 119.731 103.78 87.6253 81.9111 60.7553 54.6727 57.8629 64.4707 62.4014 47.1949 47.4222 46.4424 42.1705 51.945 52.7053 51.02 48.9429 52.5328 39.0352 51.1846 42.3821 53.5675 55.4487 50.3773 48.1747 58.1608 42.1156 57.0007 52.8621 57.5573 55.049 49.421 52.282 56.6872 60.4575 48.7626 55.8328 55.2998 59.6266 60.1047 70.1457 71.635 78.9639 70.5298 69.2129 66.736 87.1393 100.629 109.518 104.313
112.72 113.215 113.553 109.449 104.134 80.0555 92.5068 80.2368 74.897 72.7051 79.6517 66.7885 78.0613 70.9087 73.2077 62.4046 58.7211 50.9834 58.853 73.0841 55.5898 57.4191 46.4512 52.5408 48.8162 52.6974 69.4913 53.884 64.8355 57.2543 56.9989 49.9945 55.4002 51.7827 57.4521 58.4739 46.0309 60.9707 58.3997 59.71 62.3304 71.8646 78.5146 89.326 74.8558 88.5596 104.991 100.006 105.131 106.021 106.425 104.126 92.3832 85.4365 63.0061 75.8612 61.9266 45.7425 46.0803 50.1511 48.5525 51.1729 40.8312 44.7866 52.6397 54.2466 50.4972 42.3969 58.5563 51.0246 47.5554 50.1264 49.4177 61.7618 50.011 54.1477 51.6838 47.8603 52.203 53.4802 55.565 63.8302 47.5966 61.3416 51.3789 65.2146 55.8699 55.7299 65.3134 75.3832 57.8394 51.3048 81.9343 65.503 75.0618 77.707 88.6585 97.1296 98.959 107.875
106.717 127.744 110.839 106.544 98.6273 95.5247 83.9266 91.5146 83.2352 81.4116 67.7393 65.4664 79.493 60.3846 73.3915 59.5204 74.3076 67.9813 41.7948 59.4772 58.4833 50.4977 68.4739 59.1747 60.8081 60.1081 55.9943 61.8365 60.6439 46.4357 51.3965 48.6568 52.9348 62.0958 64.8009 50.8088 59.9698 51.6298 69.5197 69.7271 68.7073 67.4282 74.0483 72.8729 77.7127 91.964 107.633 100.857 97.1408 97.6421 106.846 107.149 88.3256 71.5679 71.8013 63.1761 67.5665 50.6187 53.7991 56.314 36.5315 58.2413 48.2074 53.3843 48.8988 47.7321 47.0753 44.4048 45.6925 56.9017 35.5463 37.4649 44.4566 35.8574 53.5052 63.202 45.2344 68.0591 56.9017 51.1632 54.7757 57.1869 46.2283 58.0771 52.7015 50.7397 62.3292 66.7109 70.3753 51.4397 65.6133 67.4973 77.8423 85.3872 61.7156 95.6457 81.5758 95.4037 84.9464 107.227
105.883 102.555 115.127 111.5 101.334 82.9014 91.0233 74.1102 69.0543 72.455 64.6316 73.5404 74.1735 74.074 71.225 60.9776 67.7067 48.4782 61.3575 61.2218 49.2832 57.6674 63.7905 58.6804 65.111 62.0087 53.932 59.6481 40.3292 66.8746 54.6646 64.4507 44.9871 60.028 62.262 59.0602 63.2026 52.9643 56.4735 60.2631 56.9981 62.3434 73.061 66.7842 75.286 93.0673 91.8916 102.546 108.425 102.881 104.409 107.837 81.0563 81.5718 62.7775 67.3992 63.1664 50.7393 47.4833 46.7869 40.094 47.4291 50.1062 46.814 54.7912 36.3406 40.7543 40.6367 54.8274 41.9934 42.5993 46.8412 48.8219 51.3001 44.6524 42.0657 51.3724 38.8459 53.0095 44.779 44.5439 45.385 57.1338 56.6273 55.7952 48.1888 64.1794 66.0516 63.1302 69.805 62.0811 77.9179 74.2458 69.0815 75.2136 75.494 96.2238 89.2958 98.8106 120.174
119.498 118.289 102.409 105.942 100.577 95.8249 90.516 89.0424 68.1279 68.2979 69.1954 70.2817 68.2885 63.4141 55.9514 65.1617 55.9514 51.4077 49.8301 56.726 55.9136 57.1322 48.092 64.2171 46.8734 48.0731 53.4953 59.1065 48.3753 45.3052 58.3414 55.8003 55.583 54.6478 49.849 56.027 61.4776 57.3495 60.3912 50.4158 68.8931 69.7432 74.4759 76.2424 79.1614 88.5606 85.6416 106.632 112.158 115.984 112.441 103.325 85.67 69.9511 75.4678 47.9975 73.0117 44.4834 42.2163 55.7341 40.5348 43.2081 45.5225 46.5049 43.8316 56.5749 38.4755 47.4118 46.9962 43.0948 43.2837 43.6805 55.8097 50.1702 49.764 34.9425 42.1407 41.1016 47.6763 42.5941 42.5658 48.5643 46.0704 44.285 52.7491 53.297 51.0865 57.4156 54.7234 57.3778 73.5974 60.3912 71.7648 84.9993 76.0724 83.4879 71.9254 84.9426 109.277 104.327
107.723 109.249 97.825 94.1515 83.072 86.6864 84.5197 89.6409 77.2614 81.5947 81.1515 70.9583 64.6061 68.3977 54.8561 57.8992 55.7621 63.2962 64.9114 47.0265 52.847 51.803 62.4985 63.9167 56.422 60.3712 61.4053 52.9947 51.6159 49.8629 53.3098 64.2023 61.1886 48.9765 58.3523 65.325 52.7682 58.628 55.6538 54.0879 64.4288 73.8045 61.8977 71.8447 82.7962 86.4894 83.5644 111.583 112.716 103.695 110.165 88.922 98.0121 75.922 64.7833 71.2144 59.2583 53.9697 47.9917 52.6795 50.4045 43.6583 39.7386 55.2303 51.1924 51.9705 37.4735 49.5182 49.9614 46.15 49.2917 51.6258 42.772 30.7667 40.0636 50.8477 39.5121 45.4015 42.4568 50.8083 55.8311 43.4121 44.8697 47.4697 52.6008 49.2621 53.3 56.2644 51.2712 44.3576 74.228 75.3114 58.5985 79.4871 57.653 92.2705 78.197 94.1121 86.2727 89.7492
121.458 107.805 97.6668 106.38 95.1042 88.0108 88.0621 79.1954 85.1817 70.8002 62.6921 64.8754 67.2638 65.9005 46.1785 55.2502 57.6283 61.9438 61.1955 57.0748 55.691 54.5634 62.1796 56.7468 53.7639 60.6215 58.8892 57.4336 54.5122 61.4518 50.0327 47.4188 53.6614 52.8311 50.3095 61.9233 48.4439 62.3743 54.1124 64.7319 58.5611 63.5941 71.692 73.8754 70.831 80.3127 97.8718 102.31 107.876 98.1281 87.7033 89.0666 95.627 63.7786 69.6829 69.7444 59.8424 45.3687 44.4564 50.3197 43.4519 46.9166 37.9679 43.2571 44.2002 36.1535 43.4724 35.108 38.9109 48.3004 37.5373 39.8027 38.0909 46.6911 47.9006 54.1432 50.0327 47.3778 48.6284 40.2435 53.6819 46.6295 49.4074 42.2833 53.6511 55.8345 52.6978 43.4621 57.5566 60.2627 66.29 62.3026 68.0839 71.569 62.6613 71.2 72.5121 76.0792 89.6919 94.7454
121.226 109.327 105.545 107.335 96.8101 84.613 82.3334 79.4998 71.3932 76.4425 57.2147 74.2588 73.2894 64.0536 51.8778 64.4265 58.983 60.2507 50.8232 55.6701 51.0576 52.9324 55.4464 55.5849 46.9989 54.0296 52.7833 51.5689 51.1747 59.0789 51.3132 54.3918 50.7912 53.5502 51.1428 57.758 45.22 48.0855 46.0296 53.6568 56.8738 66.4078 64.4158 71.0736 77.6356 71.2547 98.653 99.9846 101.412 123.314 104.107 99.697 82.099 80.0537 66.1522 52.3039 47.1907 55.9258 53.8911 45.8698 49.0975 33.9283 55.8831 48.5116 56.3945 35.3664 45.6887 40.0961 45.5395 41.2466 44.6341 47.5422 36.4316 39.1161 36.1973 50.1521 42.6527 41.2892 44.1334 47.5742 41.939 54.5622 56.4584 47.7872 40.959 53.2733 47.2972 62.9032 47.3185 68.8366 64.7247 58.7913 54.5516 66.5889 63.1801 81.0977 78.5411 79.372 89.5345 97.4386
120.881 120.804 89.2986 113.21 83.9593 88.3921 97.3132 74.5297 84.114 65.8519 62.3808 60.7889 58.567 69.0909 61.0432 60.4905 52.0116 72.6173 52.5754 62.4361 58.4675 58.1027 38.6356 53.3492 51.6358 51.9564 44.6825 60.1036 55.527 47.2803 44.3177 55.3722 56.2124 62.215 50.4972 43.9971 59.8493 60.7337 54.2557 62.1818 48.85 64.1606 68.7261 77.2823 71.7219 86.4355 95.9203 110.092 90.2493 111.971 112.248 102.918 92.1175 63.84 67.6317 54.7532 45.4895 44.384 54.322 51.9895 47.4129 43.6876 51.5142 47.5898 41.9188 47.7114 47.0039 43.1459 39.4205 56.4887 45.8321 37.2759 46.7276 40.7581 38.6577 41.6646 38.5693 39.0447 42.3942 52.3764 49.8892 53.6145 60.5347 56.9199 53.8135 48.8943 47.5014 57.4505 52.8628 42.2173 62.9335 54.5984 68.6819 72.5399 71.8103 80.4992 73.3469 87.1319 96.7604 101.381
105.251 117.166 94.3792 92.8096 84.7671 89.8424 84.9619 81.1469 78.5806 71.8327 69.6101 66.1846 61.7967 62.0373 62.2092 60.1355 59.6658 62.5758 65.2222 59.3794 57.7984 54.8311 57.6265 44.7493 57.8213 59.8376 43.9016 46.5137 51.1994 48.931 41.1176 66.196 60.5938 44.1765 43.7755 62.4039 48.3123 58.7951 60.7542 53.8459 51.1077 50.111 77.0683 61.7623 62.9538 88.4218 93.5772 111.541 101.54 100.646 105.309 88.1697 94.1042 72.268 71.3286 56.4465 50.237 40.2927 44.4973 41.931 41.4499 41.6675 47.1094 44.1192 39.3418 39.9834 35.6299 41.679 53.7771 43.3746 38.3108 43.9703 42.6413 40.2469 40.7854 51.7722 52.3336 44.8983 36.6954 48.3811 46.1585 56.1028 43.1913 52.0701 52.9752 53.7886 52.5398 54.9915 60.4219 59.3106 64.9358 60.0095 70.813 72.5773 76.6559 79.119 92.3285 86.8179 86.2336 105.377
115.289 109.182 97.5369 101.343 96.268 78.1837 78.6461 77.7093 74.0924 64.5107 65.495 69.0644 59.5657 70.6179 87.3148 64.2973 55.1899 54.5969 59.9689 54.5614 57.3125 52.6403 54.9408 54.4309 48.5728 53.3992 59.6487 55.7472 52.0355 58.9135 53.4111 52.9842 49.9721 50.7073 49.5689 43.9716 48.5491 50.9563 62.4117 61.1429 60.6922 59.9214 55.5575 81.4685 73.1675 89.5323 98.699 94.0149 98.4144 102.553 114.59 102.055 81.0297 74.6379 70.9736 63.4079 37.8052 48.8574 49.9009 36.1805 46.1536 45.8927 41.4102 31.3422 45.7979 39.9397 50.1144 44.4816 44.9322 46.8414 42.1217 42.6909 47.9917 46.8177 47.8613 44.2325 43.7463 48.0154 41.1256 53.5889 50.1618 46.711 44.2325 56.2808 53.5771 61.2615 43.2245 55.4389 53.5178 52.3912 51.8576 62.9335 70.1198 63.5264 66.9773 67.3568 82.263 86.5202 92.995 85.4767
136.73 102.266 82.4648 84.5491 90.7285 91.9423 83.7154 78.5905 72.595 77.3399 64.3927 68.6962 58.716 65.1651 66.2686 70.6334 58.4586 63.7306 58.5689 52.7819 60.1996 49.8639 49.7535 47.6079 57.5881 49.7413 47.4118 60.077 62.5904 58.8386 57.0731 54.5352 50.9551 60.7145 48.2087 58.0294 52.9536 49.4961 55.8471 50.7221 57.3674 67.2985 56.5827 70.6701 82.9307 76.4694 89.2817 93.4994 111.191 99.0412 94.3086 98.3668 75.7338 68.3651 56.1413 59.0593 41.9803 49.1773 49.0547 45.4623 38.9765 41.4531 46.1857 38.1795 35.2615 48.1597 48.2577 48.3436 47.2892 46.0876 38.155 51.9482 59.4272 37.2722 38.1918 38.0079 57.1835 47.9758 35.1021 34.2807 44.224 56.9505 48.601 39.896 54.1919 42.7527 64.503 53.9834 54.2287 57.4042 77.6955 64.9322 73.0977 70.2533 64.2088 68.3529 70.2778 87.0258 84.7085 90.7162
96.7425 110.102 107.683 90.791 89.5881 91.4875 71.5312 74.3423 68.6821 64.3261 68.0616 56.5766 55.3483 61.629 58.8306 65.5797 57.7163 62.1862 62.5407 59.6536 61.7303 56.9818 54.8672 49.5489 48.9411 48.156 53.373 45.5348 59.1218 62.528 51.1317 52.4106 50.0047 56.1081 65.1745 53.2084 49.5995 54.7659 53.8415 48.2573 69.4418 46.6365 67.4918 59.8436 68.5555 76.3176 90.0313 107.328 108.519 102.897 91.7534 96.2993 88.0432 74.0131 70.8347 54.2973 64.0349 47.6875 47.6875 50.0427 49.5868 41.2802 46.6365 37.8739 38.5324 41.6094 32.7202 38.9376 42.5084 49.7008 36.7469 38.697 44.9776 37.5194 48.8397 39.5201 41.888 51.9548 41.5081 44.2559 43.4581 51.6888 57.3237 46.877 61.0465 39.71 55.6016 53.5756 56.6399 48.2573 53.6262 54.0821 51.6382 80.3064 78.6856 57.1971 84.5737 83.9405 84.9029 91.918
104.596 109.639 111.468 101.173 90.8516 78.8843 77.8653 72.561 73.5017 79.629 66.9563 63.1676 70.3793 62.4229 72.0123 71.6465 58.5819 59.9406 64.6439 57.1186 51.6968 68.4587 51.3049 61.9134 54.1138 66.5774 48.2869 54.7147 60.424 55.8906 45.2037 57.9025 53.4344 53.9831 57.7457 48.3131 56.0604 55.2635 55.1981 53.4475 62.3706 54.8976 56.0343 64.0168 77.408 90.2114 94.8363 104.543 98.7295 103.446 103.668 81.3013 75.4875 71.5289 55.2504 47.5292 51.5792 43.7666 51.7752 42.5646 49.515 45.8569 41.2712 41.4803 48.5352 50.4557 42.0812 39.2985 50.3511 38.3709 30.1271 43.9625 39.4683 39.0633 45.883 49.3582 35.2354 52.951 41.1406 43.1525 42.7475 53.2123 39.3768 55.6293 56.4654 56.583 57.8894 51.7621 47.8689 56.0081 65.7282 60.9988 46.1966 61.234 78.1005 77.4342 72.2475 91.8575 95.0453 85.3775
118.843 103.545 110.521 84.638 84.4899 85.1632 76.4099 78.8204 72.4237 81.9447 66.2021 63.7781 59.3745 61.5561 67.5488 61.4888 63.2529 62.822 57.1525 54.3919 55.0921 57.7989 57.6777 61.8524 52.2237 53.0991 58.6473 51.2407 59.0244 63.6569 60.9636 51.5504 46.7293 46.864 50.1903 53.9475 59.4553 54.944 54.9575 60.2499 53.4088 62.2968 65.852 76.3021 86.0655 69.69 83.0624 89.6072 107.693 92.0177 80.4095 93.6876 79.2244 67.9124 69.4072 59.4957 55.5231 42.1507 45.0191 40.2384 46.4331 42.3392 36.9929 52.9105 53.6243 44.0899 47.4296 44.6689 46.5812 36.3331 43.4569 39.8075 42.0429 47.7393 49.7055 51.2541 42.9048 57.5835 48.1972 60.5731 44.8709 55.2403 61.2329 54.136 54.0417 43.834 62.7816 49.288 63.6031 45.3692 66.8755 57.2603 63.9532 65.1517 71.4676 64.6265 89.7553 93.728 98.0777 82.8335
130.671 113.89 105.985 111.893 95.4304 84.5574 71.7705 79.5924 71.5486 72.0201 76.5829 67.4018 66.2646 57.5134 61.4799 66.0288 48.2908 64.3923 61.0916 53.0616 52.9506 56.6258 59.3164 49.1506 51.4806 49.7886 52.4652 58.4426 39.2761 58.4565 59.1916 46.6265 52.7704 55.0309 46.1966 60.6478 63.8653 57.7215 58.6091 56.085 57.1945 66.5142 66.8748 60.7032 72.9493 81.4092 91.1727 99.7713 111.435 106.983 100.465 82.1304 79.3705 61.3967 53.6441 60.4259 59.8573 37.8615 43.0484 46.9039 56.1404 48.6097 41.4812 37.1819 45.6973 51.7441 36.0447 39.3871 49.9966 48.4711 47.1119 50.2601 40.982 43.7418 45.2258 43.9637 50.2463 59.1361 47.0565 54.185 37.7783 48.901 40.2608 51.6193 42.6323 54.4762 61.1054 59.8295 60.0653 52.4514 59.0529 54.393 53.8105 51.5083 65.8208 75.1128 80.5909 68.8303 86.18 100.187
113.238 100.494 101.179 87.5508 99.2528 81.0433 79.8874 86.295 86.295 71.853 75.6633 72.9947 70.326 70.5686 75.435 60.1225 51.9739 54.1145 60.8218 58.8524 55.4274 60.0654 60.0083 66.5871 66.9153 58.0247 64.632 49.6192 47.022 55.1563 51.189 56.0553 45.0098 56.7546 57.9533 51.9596 50.1758 58.039 49.077 60.3794 68.5279 65.9592 59.6658 81.6855 66.9296 94.5006 100.18 110.056 92.7453 120.045 111.254 110.298 84.1115 71.5391 65.2314 46.5939 55.2704 50.3756 60.6648 46.8507 49.9189 50.9607 48.6631 39.2873 46.5796 48.3063 46.2371 40.0579 43.0547 41.5563 47.8354 46.2371 44.4104 43.6541 51.9739 39.1874 47.6071 56.1695 35.7339 47.9068 53.9005 46.0088 59.6658 44.0109 54.9993 50.0188 65.4312 66.7869 61.8921 50.0474 60.0511 60.1368 65.8593 77.6897 83.9688 76.7193 79.7733 76.0201 93.2591 95.4853
116.34 102.68 113.831 100.185 85.9382 90.8242 67.8614 87.2 75.5939 67.8467 83.165 67.744 65.1322 75.7259 58.3534 54.6119 60.0995 70.5611 58.2361 54.6853 61.7869 61.4347 54.3771 51.648 51.56 61.288 52.0001 60.5397 52.2496 51.2812 45.3094 70.7519 60.8185 55.9618 52.6604 54.3918 50.5916 55.2428 51.8681 56.8715 65.411 67.788 56.4607 71.06 77.1639 88.6379 90.4867 99.3784 93.1131 95.5341 84.9698 94.7418 83.1797 74.7722 52.0148 54.2744 39.5723 49.6525 39.2936 54.5239 46.5566 43.578 39.3523 51.0317 41.7586 50.5329 42.2281 51.3986 54.2304 40.9663 48.3466 41.4505 40.4527 59.9674 56.3726 52.1322 52.0148 47.657 48.7721 51.0904 62.6966 52.0882 53.3794 66.5995 54.4798 49.5351 57.8546 67.6413 49.5498 61.0972 62.9753 63.2688 69.4313 71.5295 75.946 85.9528 80.1865 90.7215 94.8592 101.256
123.492 124.879 103.383 85.0969 94.2172 90.6746 76.6249 85.3381 77.7857 71.9819 75.3888 76.5496 68.3791 74.5597 68.8162 60.8266 64.2184 58.1735 66.6455 61.1884 53.4701 67.8213 55.4449 60.1784 65.5902 70.7759 69.8564 56.1987 65.4546 62.7712 54.9022 67.9419 58.882 56.1384 59.8015 59.7412 72.6151 65.8616 50.3497 57.4649 59.3493 70.0825 67.9268 82.4136 68.7861 88.3983 90.8555 111.297 100.503 107.347 100.247 96.2824 84.8256 66.1178 54.2992 52.1134 58.083 59.1985 47.6061 39.6164 45.4353 50.6662 47.3799 31.3103 55.0681 58.8669 41.7872 43.7469 52.5053 53.1686 55.867 63.8265 42.5108 50.6361 49.0683 50.214 59.7261 52.5204 52.2792 61.6557 58.0378 51.6762 60.5251 63.5099 55.6409 75.4793 63.0124 57.3443 56.8016 64.6556 57.7664 72.7206 76.5345 62.7562 77.846 61.2939 87.9159 76.1727 82.8056 102.131
138.966 112.377 107.409 102.147 111.448 84.5805 83.1567 87.7378 89.0843 72.7408 75.8207 73.5301 67.943 56.1342 69.4907 76.7648 68.8716 67.7418 76.4552 69.2585 67.7263 59.2451 62.3404 63.625 54.8806 59.2451 46.1672 50.0209 60.963 68.268 64.7238 58.4093 65.5286 69.305 55.4378 64.1048 63.5631 53.2091 69.955 67.1537 76.641 57.62 68.6549 88.5271 85.277 76.4243 100.831 100.893 92.1951 106.341 103.122 102.642 90.245 73.1277 64.3524 68.7633 49.4018 60.3749 42.8861 47.9625 54.8651 44.991 57.5117 55.9176 44.7279 51.2745 38.0419 54.2615 50.7019 54.5247 50.965 55.1747 50.9186 53.5341 49.6959 50.64 46.2755 60.2356 60.4832 63.2226 46.2291 54.7413 56.9236 47.5911 72.4158 58.7343 56.0259 57.1557 75.6504 56.4283 72.1217 70.6514 65.3584 76.6564 69.6145 86.8247 88.6045 82.0888 96.1726 95.7857
113.914 108.166 109.516 106.483 102.783 87.9208 84.9515 82.8873 90.5408 89.6834 81.7281 83.8082 75.5195 90.3821 75.9959 72.8836 62.8006 62.9118 58.688 73.5823 70.6924 63.6104 71.9468 48.1445 68.4376 52.0189 63.8327 59.5455 62.0543 59.6407 64.1821 57.4971 60.9745 56.7349 65.3095 63.3405 62.9753 70.5812 60.911 70.4224 65.6747 81.6011 67.6595 72.1056 75.1225 79.9021 81.5852 102.386 103.387 118.043 101.386 97.1305 79.2669 72.8836 68.0882 53.4004 50.7645 62.0702 71.4228 50.7168 54.0355 53.0352 54.7818 60.0695 56.6396 50.955 53.0352 52.4476 58.2593 58.688 59.8472 49.9229 46.0802 55.7663 60.3553 55.417 61.8955 44.0795 51.8442 58.6562 59.2438 59.085 65.9605 54.0355 67.2625 76.107 65.6112 58.0211 73.5505 82.2204 78.0601 77.7902 77.3297 78.9493 74.6621 82.4427 76.2976 92.5416 105.515 114.153
127.397 120.071 114.633 98.8245 104.23 94.8683 93.9077 83.2275 70.6587 81.8762 97.4081 77.4315 67.2397 83.6508 74.2242 83.3252 69.0957 84.0741 66.6373 66.6373 78.7991 71.489 63.837 67.3049 75.5592 64.7651 65.3674 62.0624 62.909 62.8114 80.8993 65.1232 59.4249 67.2886 63.0881 71.2285 60.4506 73.459 67.6142 70.789 65.5791 69.226 72.531 75.5592 79.3038 77.6595 97.6523 99.1827 104.604 128.325 107.6 89.4468 82.7228 60.6786 59.9459 66.2955 73.2962 51.9195 55.4524 61.574 56.8363 52.8149 57.3736 60.7763 55.0454 61.8182 52.7335 59.5226 80.1016 68.0212 59.4412 55.0454 59.197 61.9648 62.1927 51.7893 69.633 65.3837 57.9108 52.0986 57.7317 59.6203 70.4633 56.9991 45.5049 51.4636 71.5704 68.7213 72.9055 67.8096 70.8704 86.5162 71.9937 79.4341 82.9182 84.0741 87.4279 97.6848 96.7731 113.347
139.001 133.596 133.596 113.593 107.254 102.75 92.0392 85.6663 84.9823 84.8322 86.3003 80.528 77.0246 68.9501 85.6663 63.2446 70.1847 72.3868 62.9276 76.9412 62.644 74.5389 72.5203 61.4929 68.7833 77.8254 75.2229 66.2809 68.483 70.4349 65.6803 66.064 71.9197 61.4429 61.8099 58.3565 68.3162 64.2956 64.1121 71.7862 77.3082 80.7616 83.5309 73.7715 81.8793 98.2952 91.0382 88.3689 107.454 110.557 101.331 86.8508 78.2091 74.7391 70.6851 63.2446 75.7067 52.1672 49.8149 67.3152 53.5852 62.1435 55.6205 55.9042 52.0838 50.3988 43.5755 64.0787 65.4634 64.4958 55.9876 60.7922 53.3183 60.6754 57.9561 61.3428 54.5695 50.3154 59.7412 75.2896 54.1858 76.9913 66.6145 57.7393 60.2584 73.5379 56.0543 77.1914 65.8638 70.0679 79.4103 76.5575 80.9618 79.2434 82.6634 96.1431 91.2551 95.7761 96.3267 100.898
127.573 109.309 120.175 99.3996 104.508 93.2491 86.8423 90.1567 87.4573 87.6453 90.7547 85.2363 88.1749 79.9913 81.8023 91.8994 74.8146 78.8637 87.2352 81.0847 77.3089 73.0377 74.1995 82.7932 72.8498 62.4793 68.2369 78.6074 67.8952 72.6619 77.7019 72.6789 68.8519 76.113 74.3362 73.5161 73.3623 69.6549 65.5716 80.4526 74.1141 71.7051 68.1685 83.357 91.1306 81.6827 103.722 111.154 112.504 97.8791 104.576 92.9245 86.1247 77.4798 66.7334 61.0442 62.2059 51.5792 64.0169 52.4163 47.9059 50.0586 62.1547 50.332 54.9107 70.7313 48.2989 53.0143 65.9817 54.8253 62.2914 62.7526 68.0319 57.7297 60.3437 60.412 61.4371 73.0548 64.0682 72.4398 67.1776 66.6992 68.9374 68.9886 76.9843 68.5102 71.7222 78.9833 80.8284 90.2934 78.9149 77.7702 75.4125 77.3944 85.0655 82.6736 83.6987 101.928 92.0873 109.463
118.736 124.052 118.893 98.8008 93.3449 96.8248 105.411 75.3334 81.5588 81.8385 86.2452 89.6377 78.0439 73.7246 69.3529 82.6429 70.9617 76.3477 65.8905 68.8983 72.0109 67.8316 78.7434 69.1256 59.7002 71.0142 74.529 70.577 63.1451 62.533 67.9015 81.0167 66.2927 75.3684 74.3367 75.281 59.98 83.4998 69.3354 72.7454 69.93 83.3249 89.5503 78.4286 79.5303 91.159 115.885 95.7406 103.207 105.166 107.264 97.7516 82.3981 84.3042 72.3257 66.8348 63.6347 55.1536 55.7132 67.9889 55.3285 74.3367 55.9755 68.1638 63.6872 83.0801 61.1341 77.5717 64.5615 67.0796 77.6942 64.9637 57.1821 72.5705 75.1935 64.9637 72.9202 72.1858 89.4628 63.6172 74.3192 63.0052 67.1496 58.6859 87.5218 73.2175 72.7279 62.3757 91.264 87.6267 73.7946 81.174 85.5982 87.854 87.6092 88.3786 92.6804 93.3624 105.026 113.297
128.067 117.637 126.886 120.482 117.602 111.269 102.611 103.541 95.9381 93.5947 93.7736 87.906 85.4194 75.026 87.0294 81.6807 78.6217 67.7094 82.9508 75.6879 76.6539 73.0761 67.9778 74.5967 67.298 74.4714 74.9008 65.4197 84.1314 73.9706 81.2871 77.1548 69.4626 63.8812 78.7827 74.0063 80.8041 76.3319 82.9508 74.6324 66.9581 72.3069 80.8578 88.1028 89.7128 105.723 101.841 100.178 110.428 107.924 113.165 89.7307 77.8167 77.6378 74.8829 71.9133 88.6573 78.1744 63.595 75.0081 62.9331 72.0207 68.2998 67.9599 76.5287 68.1924 73.1656 56.9403 61.6093 67.4948 68.9796 65.8311 59.9278 67.8168 69.3194 59.1407 70.7327 83.3801 64.9367 60.0172 77.1906 72.289 73.7022 85.3658 81.9669 82.754 80.1422 65.9563 84.6144 74.1494 78.89 83.0044 95.151 77.5126 88.9078 93.6126 96.6179 111.251 100.75 111.877
142.852 132.207 124.25 118.543 117.3 107.258 102.649 108.593 88.0707 93.9604 91.674 100.381 83.626 89.5889 76.4377 88.8938 80.8458 89.9181 72.8893 84.4125 81.0653 65.9753 76.6206 69.853 67.6032 63.8719 68.536 65.6095 66.6155 58.0371 67.1642 67.5483 70.4932 75.4134 69.5055 68.6092 68.8653 67.402 71.5723 71.9199 81.7238 85.5832 83.0407 87.2842 82.7664 95.4968 98.4417 111.538 123.39 116.202 106.142 109.142 91.7289 75.1025 66.4692 74.7367 76.9499 65.2985 58.787 63.6158 63.817 60.2685 71.554 70.1273 55.4763 66.1582 67.9141 74.8464 71.8284 70.8407 62.811 77.0779 78.3948 84.1199 75.1208 75.7975 61.7867 70.7309 88.4731 65.2254 73.877 79.5472 88.2902 79.0899 62.3903 77.4986 70.4932 88.1073 73.5843 87.6317 82.8761 86.8269 76.6572 113.495 89.0401 96.3199 95.3688 115.214 107.551 112.453
134.626 132.608 118.326 117.317 94.1189 97.9883 103.073 101.69 83.9313 84.6603 77.4448 66.7338 76.9775 86.0249 78.3421 73.2015 69.5377 67.9114 75.426 76.7532 90.3616 85.6136 81.6881 84.5294 82.9218 70.6967 77.8934 79.6693 80.66 80.3609 80.0244 77.6317 87.3334 77.0709 77.5943 79.3141 76.7158 72.9024 83.6135 74.6035 62.2661 72.865 68.4909 78.2673 87.5951 92.9039 87.1091 103.297 109.055 109.765 86.9595 102.288 88.6419 84.7164 63.7055 56.5835 57.3499 59.7613 65.1449 61.6119 73.4445 41.8909 69.519 60.4155 64.0794 61.1072 56.4713 60.7146 78.8842 77.4822 66.7151 76.7719 67.2385 68.8461 71.9678 77.4074 74.3792 65.1636 73.1267 69.6499 82.0059 65.4253 79.2393 82.7723 76.9401 82.305 84.0247 77.127 77.0709 75.4634 71.5565 71.0518 90.2495 75.4073 92.4365 100.568 103.933 107.727 108.849 108.232
127.573 138.324 107.218 101.28 109.872 92.3623 81.7455 85.4117 96.3531 95.8948 80.8098 92.9924 82.452 89.2307 89.0779 95.6084 84.3424 88.5242 83.5022 76.1125 88.8679 87.0348 87.283 74.1839 77.4491 68.7609 70.4795 85.7172 70.384 72.6563 74.6231 72.2935 72.6372 80.5807 86.0227 54.0578 76.3989 75.7688 70.4031 80.1033 84.3806 72.0643 80.9244 83.7504 73.9738 86.8629 91.0829 101.623 92.0949 110.846 91.6939 88.6197 95.723 84.266 61.944 61.6767 53.905 63.6053 64.6937 54.6116 65.4193 66.9851 71.988 69.6202 57.2467 60.1682 59.3471 73.0382 45.255 52.3202 60.34 50.9453 68.0544 61.4285 74.2221 57.0366 62.0968 69.8493 74.7376 72.1598 68.4936 70.2885 64.56 69.4865 73.5537 77.8692 83.0248 73.0382 77.8883 80.6189 60.3591 83.3304 76.1698 82.9103 81.7837 89.8417 92.4387 87.6649 91.0065 93.1834
132.072 131.039 114.096 100.019 104.367 104.991 96.237 93.7804 98.6547 94.7748 92.4741 84.4219 87.8144 94.7748 80.425 85.3187 66.5432 75.8237 92.5911 76.9545 79.9766 86.625 71.4174 75.5898 87.3074 75.3363 90.6804 77.481 84.0904 71.8463 77.442 78.6703 76.5451 70.3646 76.9155 66.7771 66.7381 80.8734 78.4753 85.2797 90.7389 89.998 85.9816 87.171 91.6748 99.6685 94.2873 114.701 122.265 111.328 102.047 97.0169 86.9565 78.0269 72.0998 66.6211 64.8664 78.3193 70.2476 77.247 69.4287 72.2558 74.0495 73.6011 67.284 64.7299 66.3872 68.6293 73.757 72.7822 68.3174 72.4702 66.7576 64.8079 68.7658 56.9312 69.1752 69.3507 70.4426 53.2267 67.5375 62.1173 53.3047 69.3702 62.1368 73.1136 74.264 62.2733 70.4231 77.9099 60.85 74.069 73.0162 73.0746 87.0345 87.5024 97.6213 101.482 100.897 93.176
126.856 114.24 112.768 120.468 102.44 103.753 104.052 109.842 98.8781 108.509 104.032 88.4908 87.2969 74.7605 82.7002 75.3973 91.7542 82.2624 77.4469 72.7109 83.8145 67.7163 93.5452 69.3878 78.0637 78.2428 92.6298 79.6955 76.034 78.2229 84.2523 81.1282 96.3708 77.9045 80.571 88.1525 80.1133 80.571 87.9137 83.8145 91.6348 94.9779 81.0685 83.337 87.6153 105.405 107.614 115.315 107.753 117.961 108.867 98.9378 97.6244 91.3961 91.9532 80.8098 69.6067 74.5814 88.9883 65.8657 69.7261 64.0548 53.986 71.3578 68.0943 64.5125 54.8416 66.4626 64.1941 77.6857 64.0548 49.9266 50.1455 61.1894 51.4986 57.13 55.4187 55.5779 56.1549 54.1849 73.7457 64.9304 74.8998 67.7561 72.7308 69.1888 78.203 64.5324 84.6901 72.8104 68.6913 70.9598 80.1929 87.6551 94.0426 93.386 85.2473 104.848 113.743 124.946
133.926 122.131 109.686 95.8817 104.388 107.636 92.2072 67.8257 83.4981 87.7816 93.1613 89.2026 82.7063 92.8974 90.6237 86.0966 102.337 84.4725 82.5236 85.0612 89.2635 84.2898 87.0304 93.0395 85.2642 86.7665 84.98 73.8145 97.0794 73.4694 76.1897 79.2957 94.7448 80.9198 72.6979 85.2236 82.6048 85.7109 89.1417 80.8589 78.6867 78.8694 89.0199 93.141 90.7658 104.53 100.571 110.255 98.3178 119.147 112.468 102.337 96.3283 78.8288 72.028 76.2303 56.2541 61.6948 66.0189 82.2191 59.1368 63.0549 65.4911 66.161 66.8918 58.3451 68.3129 53.9195 78.3822 57.6346 60.294 64.3136 57.0052 57.0255 53.6353 65.4505 53.7774 61.1466 57.4316 53.5338 51.1788 62.3241 62.5474 72.5964 68.2926 74.2814 66.7091 66.0189 83.0311 78.1995 82.8078 72.6776 97.0185 80.6559 83.3356 103.312 91.253 93.0801 82.4018 116
121.817 116.972 103.225 106.331 107.076 88.0293 92.5218 96.621 79.6653 87.9879 82.1289 87.5531 78.0711 81.1559 91.2383 79.0028 71.2391 81.8805 82.5223 93.1429 86.4766 86.4144 90.0582 96.0207 86.7457 78.2782 79.8102 85.2551 75.0071 83.1434 75.0692 63.9517 67.9266 75.2555 67.0985 80.5348 74.1583 82.0875 85.0688 65.4423 85.4621 70.8665 79.0028 87.1598 84.3441 83.2262 93.4535 94.5714 117.117 115.337 98.8984 82.6672 74.8208 59.5419 76.5598 76.7875 61.9435 59.3142 63.1442 63.6618 58.1755 58.2376 60.0595 56.8298 71.4462 58.3825 53.7244 49.5631 54.8423 51.8611 66.1255 52.5029 77.6985 63.4548 64.8419 72.3985 72.1501 87.2219 83.3504 69.9348 78.8371 75.6696 97.0144 66.995 78.2368 85.2758 80.5348 69.4794 85.4828 80.7832 64.4692 85.1723 82.2738 86.4352 84.2613 90.3894 86.0418 99.1882 94.882 99.271
139.082 123.718 112.87 110 94.5084 104.66 87.396 98.835 77.2445 96.4923 86.9317 84.7579 78.0254 94.1707 79.0806 77.7721 76.337 69.3512 81.3811 78.9118 84.8845 77.54 62.4287 74.142 79.9248 83.576 81.1489 82.2675 95.0149 105.42 93.411 96.3657 88.7045 85.4966 75.7882 69.2246 89.5698 76.337 72.5381 83.4283 64.898 72.8546 78.8696 85.8765 81.5499 76.3159 96.8511 105.251 112.638 122.768 99.8058 89.8653 88.9156 77.0545 58.6087 49.9768 60.4238 56.6037 55.5063 55.1264 50.9687 44.595 77.0967 60.7825 54.0711 57.659 75.2395 71.0607 63.5473 53.5435 72.4958 56.3083 70.4487 68.4015 68.9924 78.6796 74.1843 74.6908 70.4487 70.6597 70.7019 73.2556 64.6448 74.1843 73.1712 83.0906 80.4313 74.3109 72.7913 60.4449 79.5238 88.6623 80.4102 82.1198 81.761 96.2179 90.013 96.4923 93.2421 112.954
131.645 124.827 117.343 115.084 103.686 105.062 97.5561 96.1151 100.718 85.7917 87.5983 84.1572 92.3083 88.179 92.1363 73.7047 85.3185 66.3923 63.79 76.5437 79.6192 66.3493 66.2418 69.0807 61.7038 85.3831 68.8226 69.9625 75.4253 70.7798 61.8758 77.9416 66.887 74.0273 81.1032 80.2644 69.812 88.5661 81.3182 76.8017 76.6727 81.8774 79.4256 84.0066 83.727 83.512 84.7594 106.309 106.955 102.438 113.815 89.7275 84.3507 72.952 51.9396 59.252 67.4462 60.6499 54.0258 72.2638 57.8325 71.8336 70.6507 68.8226 69.4893 68.6506 78.5653 74.7586 76.4576 74.7586 78.8664 69.984 71.2099 77.1889 79.8558 88.3295 74.1994 63.4674 52.6063 72.909 63.4674 62.4135 55.8324 81.3612 74.7801 58.7573 70.07 72.2853 91.8567 71.1239 86.5875 85.7057 92.5449 89.4479 80.8236 91.362 92.5879 93.4482 100.223 111.923
131.389 137.742 115.176 116.622 104.945 111.298 114.037 96.0495 98.2623 82.1591 87.3515 81.5018 88.447 89.1919 95.6551 95.2607 80.9322 83.5394 82.3563 85.8836 88.3594 78.5441 88.1403 79.771 74.3375 82.0276 74.7538 83.4079 66.8665 73.0668 61.5645 65.6835 68.6412 71.6646 67.4143 56.7445 75.4768 68.6631 70.9635 78.9823 75.3892 79.5519 94.9321 84.2624 108.625 105.405 112.766 115.132 125.539 104.747 117.345 99.6425 92.7631 84.0871 86.2342 73.3078 63.7335 75.0825 81.8305 73.6803 70.8102 70.5692 71.7742 62.7257 76.4846 65.9025 70.1529 80.0558 78.566 79.3109 73.7241 60.491 79.5519 74.6224 78.5003 90.4626 80.7569 80.012 62.2656 68.5755 86.037 83.6927 84.6348 74.6881 74.6005 66.1435 77.2953 75.7616 84.4595 75.4768 78.084 87.3515 96.8382 90.0245 91.339 99.7959 106.96 88.6442 99.8397 125.035
132.684 136.321 133.041 125.255 126.504 118.227 101.828 111.399 120.034 110.083 109.458 107.852 106.736 100.935 120.346 100.69 96.8525 102.006 89.5345 89.0213 98.7713 102.363 71.0386 92.8812 89.5345 102.096 86.8572 96.4063 85.5185 109.414 95.1792 85.4516 79.5168 80.5877 103.122 88.9767 93.7513 108.142 99.5968 101.226 91.8772 98.9052 111.065 106 104.238 104.929 103.01 117.49 130.364 119.007 129.895 111.6 103.925 85.987 89.5791 99.8645 91.2971 79.7399 80.4985 82.1049 82.2164 91.0516 84.4922 84.0013 82.5288 81.4132 88.9767 88.7982 85.987 84.3806 96.4509 95.737 87.8835 99.2844 77.7988 84.8715 89.9138 90.4492 108.343 83.689 96.2724 97.3657 89.8915 91.5871 96.384 92.7027 91.7879 88.8428 100.735 103.167 76.4602 92.8365 113.385 100.601 106.156 113.898 106.848 80.7885 107.74 120.658
147.885 141.934 142.343 132.736 126.648 127.239 108.364 92.2153 97.0078 93.669 97.7119 85.8783 100.687 99.3927 97.8482 90.7162 101.846 99.8924 99.7334 97.0986 105.616 98.3706 117.359 89.467 91.3068 82.0853 95.5996 96.9624 108.796 91.6929 96.9396 80.7452 99.9832 95.1453 92.6469 100.46 99.7788 93.7598 90.1484 85.5604 85.7648 93.3737 89.1263 100.256 100.415 111.976 105.979 128.783 101.369 101.505 108.796 110.817 114.815 85.9238 91.1478 82.9029 90.7617 96.7807 83.0392 89.3762 87.0821 96.3037 88.8538 87.4001 105.162 81.6083 96.5762 112.771 112.998 77.4064 93.1693 102.027 95.5996 100.824 74.0675 102.913 85.6739 94.6229 88.4904 93.1011 92.8286 93.3964 107.092 83.5389 97.0078 108.796 101.391 96.5762 104.776 105.571 109.932 96.0311 101.028 97.6892 102.027 108.364 98.575 122.287 108.387 123.491
138.113 139.454 112.085 123.412 113.056 109.728 114.813 105.081 111.507 107.832 104.088 98.0545 93.2234 80.2558 87.5833 90.2416 75.1705 91.3742 81.8739 84.9251 94.1942 73.8529 89.4556 95.9279 85.2487 92.2757 92.0445 74.7082 86.4044 96.2515 81.8276 68.5364 91.7209 92.4144 72.7434 76.2569 82.4517 78.6609 93.3852 73.3906 81.2266 82.0357 84.509 102.03 112.617 102.285 107.046 107.925 111.785 112.501 111.299 97.3148 95.6736 78.1523 88.6235 86.0115 75.2398 91.536 82.9834 72.6047 70.3394 73.9223 73.8991 75.4941 84.0236 76.488 81.1111 68.3053 68.5364 80.695 78.6377 75.9795 92.137 82.8447 82.9372 87.329 99.7188 91.5129 83.908 91.8596 95.2575 103.51 95.8354 89.8486 88.8778 99.3952 94.8184 85.6648 97.3148 96.5289 100.851 108.965 116.038 113.426 128.174 121.1 109.265 121.147 115.483 132.612
143.173 133.883 135.459 117.139 128.78 123.042 117.021 115.399 103.146 86.6608 89.7415 102.535 91.1996 91.8581 75.5136 90.6352 82.1455 74.8316 84.4502 80.3111 62.0853 73.9615 57.1702 63.4728 64.6722 67.8706 75.2079 64.9074 73.0443 68.1057 84.4266 81.3694 75.2549 78.4298 90.4706 89.4828 87.2722 99.4071 85.2733 99.0308 77.0187 90.5176 101.618 94.2333 88.2129 95.1975 112.718 103.546 105.992 111.589 108.861 86.0964 67.4237 69.7754 75.6077 69.8225 68.1763 82.8745 60.0393 64.1078 72.7856 82.5453 74.7846 83.3919 81.8162 85.2733 72.3388 65.4248 76.8541 53.5251 92.5401 88.5186 75.8429 76.1721 62.4381 72.9503 72.8327 84.5442 80.6169 71.7744 77.7478 79.8173 96.9613 85.2262 84.5913 81.6281 96.1147 81.9338 94.6566 87.4604 101.547 97.9725 95.1505 110.978 133.107 109.496 124.641 116.198 134.283 130.732
140.741 128.374 130.312 129.068 98.7384 107.301 108.139 97.5185 95.9638 90.3906 83.1431 94.2655 89.2425 77.0676 89.0272 80.3206 89.1468 93.0457 85.7503 75.8238 85.5589 85.0566 99.169 80.5598 63.3619 78.3354 80.8947 80.9665 68.4806 76.6849 77.7135 78.8855 88.9076 76.2544 89.0512 93.4762 85.4872 91.6583 83.8368 99.0494 87.1855 93.2848 91.8258 86.731 100.58 87.1376 104.886 104.646 115.554 114.118 96.8727 91.5866 91.754 79.9379 75.7521 75.2976 69.27 70.6812 74.2452 70.2507 71.8054 80.8708 83.6693 83.8846 79.1486 95.0309 70.6334 67.8348 82.593 81.5884 95.2223 91.0843 83.4541 75.6086 71.7097 79.5552 83.4541 83.0953 85.7981 81.3731 90.582 93.7632 91.0125 94.7678 93.7393 82.88 85.535 92.8543 95.3897 87.9987 98.0448 109.717 100.03 98.1165 102.422 101.92 124.38 99.7669 105.436 123.064
134.691 126.665 105.189 113.629 93.2718 101.711 101.152 106.916 91.6666 94.6582 94.0988 102.781 79.4088 83.7623 73.523 75.0066 78.4116 69.6316 85.4891 77.7063 72.6718 82.0598 101.103 93.2475 92.98 89.9398 71.2612 81.9138 87.8239 80.6491 87.8482 89.2345 85.0026 94.7554 84.6865 72.9393 84.7351 89.8426 84.273 85.5134 69.9478 85.8052 97.4308 102.952 100.836 87.9941 110.734 125.497 127.711 138.388 105.214 101.298 98.7198 71.1152 91.6423 84.8567 76.174 80.0898 68.148 72.5015 82.4976 77.1226 70.9693 82.5462 68.7317 82.4732 79.1655 67.5643 76.0524 86.6565 93.7826 102.465 93.053 93.3691 100.714 103.973 84.6865 97.747 86.3889 87.9941 84.881 77.0496 74.277 81.622 78.0468 93.4178 90.0858 69.8748 84.9054 73.2555 79.0196 76.5875 74.7391 91.7396 104.678 83.7623 95.0473 106.089 86.316 115.574
135.088 117.608 119.66 93.2066 95.6295 106.434 88.435 90.7343 88.0642 82.2047 86.9269 96.4701 83.7129 85.4435 81.8833 75.7273 91.3523 85.0232 81.9575 84.7265 64.2062 86.2841 82.7981 92.4402 86.9763 80.128 82.3036 82.9464 95.407 80.2269 81.6114 75.0103 85.7896 85.3693 74.8867 74.9608 88.7317 78.521 76.469 85.8391 85.1468 75.2081 82.5509 92.7863 104.11 88.2125 103.467 117.534 117.336 118.325 119.339 96.7667 94.1213 103.219 74.1697 88.4844 75.2081 84.504 67.0989 89.0778 67.9642 76.914 81.8339 78.1007 65.5907 71.4996 73.3291 81.29 73.3291 79.0649 71.8952 83.614 67.5933 75.5542 74.1944 67.5439 72.7605 78.6693 85.5671 87.1988 97.0387 84.2073 85.3199 85.4929 89.7701 72.9088 77.8287 60.3741 67.8405 73.6258 69.3487 64.1568 76.8645 83.7376 75.6778 70.5107 88.5339 98.9918 95.58 107.027
131.179 110.802 120.074 101.406 101.506 96.9081 87.3605 98.3151 74.0692 88.1143 79.9988 84.3957 80.2501 88.868 94.1443 87.059 86.3806 102.411 97.3855 97.7624 97.486 89.3705 96.6568 76.7576 84.647 71.7075 70.5517 74.0944 88.7926 80.9536 83.7927 66.9337 78.4159 84.4208 72.8884 72.0341 94.7976 69.2703 78.2149 77.436 94.7222 91.1795 86.4309 97.687 97.1342 81.1546 98.9684 119.697 123.742 130.702 121.254 98.7674 97.9634 84.2952 79.5214 73.1899 81.7827 76.2803 76.9084 84.446 76.3808 83.9435 77.6873 68.0643 76.3054 77.1345 67.4864 73.7426 68.2151 74.7728 72.5366 69.4211 57.9388 65.2503 79.1948 60.2001 69.3206 81.6822 92.6117 79.7727 84.5465 93.8679 78.6169 73.0894 75.1748 79.245 66.3809 75.1245 81.9083 73.2904 64.8232 73.4662 70.3507 68.7678 66.1297 71.8331 81.7576 81.9083 82.3355 101.33
121.637 110.457 101.445 113.086 108.185 90.5197 86.5885 87.1501 95.1146 89.422 90.2644 96.391 85.7716 104.738 93.4298 85.1845 86.8948 90.5197 84.8527 97.795 87.7883 87.967 79.6961 100.195 96.4676 82.6318 81.9936 82.9126 82.8615 82.5807 77.0158 71.5019 76.1479 69.9958 88.6052 78.0369 77.9092 78.4453 75.4841 75.9436 82.2233 81.5341 72.3953 77.4242 83.1934 96.8505 109.742 110.89 118.906 113.852 117.655 99.5564 82.2489 77.1689 71.8082 81.0236 68.8471 88.937 74.0036 70.3532 78.624 69.0513 80.4364 81.5341 76.5308 83.5763 72.1145 74.6417 75.816 72.3953 66.1156 76.1223 85.8482 75.7394 62.0823 79.5685 78.2156 68.2855 75.9181 66.9325 69.3576 80.3343 66.5496 79.3132 84.5208 71.3487 78.3177 72.6251 79.0069 74.1312 85.2356 83.6273 78.139 76.5563 80.4875 78.8027 79.2622 94.0169 92.8172 107.98
126.665 116.085 102.758 100.891 87.7447 101.072 101.228 97.8053 101.202 93.4492 105.221 89.9487 89.0931 92.2824 86.9668 99.9834 84.9184 94.7975 87.2521 73.7429 78.2546 90.7266 86.7594 91.1674 75.6098 93.1121 100.58 90.571 87.7966 92.5935 87.0965 85.2037 83.3886 72.4205 77.3212 76.9581 71.3315 84.2443 87.5632 86.6038 96.2236 84.9184 100.165 88.6004 91.2452 97.6756 95.6532 107.114 117.978 99.8278 93.9159 96.4829 85.9037 75.5839 67.0272 63.449 80.0697 72.6279 74.2356 77.1656 75.7135 61.8154 60.9857 72.8354 70.761 78.099 70.6314 77.8138 71.6945 85.9815 92.5416 76.4396 65.9382 71.4871 67.105 77.9175 71.513 87.8484 60.1819 72.8354 69.0497 68.194 68.7645 79.2658 74.8838 70.424 71.0463 72.1094 67.0791 88.8597 84.7888 91.5563 89.119 106.932 93.4232 97.3386 90.7266 95.2383 101.254 107.244
113.172 128.918 121.809 111.092 104.43 120.36 91.396 110.828 99.348 110.012 98.8477 99.2164 105.062 79.0466 92.6862 90.4481 81.3638 82.2854 92.5809 86.5774 92.4492 81.5481 67.0132 83.2069 67.9611 81.7324 78.046 72.2005 87.183 85.8927 90.2637 94.8981 84.9975 89.4738 77.888 90.5797 74.7283 77.6774 68.7774 71.7002 65.8283 87.104 73.0167 77.2561 94.7664 91.1063 88.5259 100.243 96.6359 112.04 103.166 84.2865 86.788 75.6235 60.6937 64.775 45.6322 66.6182 52.61 62.5632 49.5555 57.7182 63.2478 62.3262 76.4925 78.125 78.9939 73.5697 73.3327 75.8605 69.62 72.2268 64.1167 75.3865 68.8564 67.9875 61.6679 63.7744 63.5638 66.3022 67.6451 80.6791 77.2561 72.5954 69.2777 78.0197 83.2859 75.2022 75.3076 74.7019 80.4422 80.7581 88.8682 89.2895 107.195 84.8395 101.876 92.0279 102.534 115.147
124.257 122.145 130.913 115.14 120.835 101.426 116.343 113.911 111.826 98.6995 114.151 99.1005 95.8657 84.2635 81.2693 81.5634 92.3904 74.9603 79.5317 77.9544 69.9344 67.5284 69.7473 77.0455 82.8733 64.8016 83.5951 79.8525 79.0237 84.9853 81.1357 86.0279 92.7647 88.5141 86.3487 76.1365 100.143 76.5108 78.5425 68.8651 86.8031 69.8809 75.6019 76.8851 88.5408 93.2993 83.8357 92.9518 105.944 110.034 93.9142 80.8149 85.1189 74.4256 55.2845 68.7849 66.967 48.6814 54.3489 67.1274 69.7473 56.14 63.4649 63.1976 69.8809 67.8492 76.5375 68.2235 70.0413 67.0205 59.4817 64.7749 63.5184 78.596 82.6862 53.8944 58.3321 55.1509 61.2193 66.1383 67.4482 61.8075 67.8225 66.4858 76.591 70.5493 76.4573 97.8173 73.2761 83.1941 78.5693 80.7614 74.987 79.9059 85.413 111.745 107.896 100.811 115.435 125.807
138.065 140.534 132.8 117.143 114.131 103.006 103.413 92.2059 84.3909 90.6592 96.1677 89.5738 83.4412 77.6614 67.0243 71.5288 73.4283 64.7721 79.0453 69.765 78.3398 68.4354 69.5479 80.5377 78.584 78.0141 88.8411 83.9568 82.1116 75.3277 70.1449 73.374 77.5257 74.975 79.2624 86.5346 79.7779 99.831 84.9608 91.7446 95.1637 91.3919 97.4431 93.7255 79.398 88.4341 98.0943 89.8723 100.048 110.468 126.559 105.122 93.5627 85.0151 73.9167 76.0061 67.4042 63.9309 63.5781 60.5932 44.4748 73.8082 43.2266 49.1421 59.345 53.7551 41.6528 44.8547 50.3904 52.4526 68.5439 56.3601 70.0906 69.5208 59.7249 67.4042 64.5821 69.0052 71.6373 80.1307 61.0274 64.4193 62.3842 68.354 62.7641 75.0564 66.156 69.7107 86.209 90.9034 84.608 89.3024 91.3647 90.4693 95.8692 92.5587 89.2482 105.584 109.111 128.622
133.832 136.42 128.379 135.236 115.409 114.693 102.164 107.919 91.4516 79.7482 94.3981 74.3784 73.8002 89.6066 77.9858 79.6381 82.8049 75.177 85.9717 76.0582 82.3918 74.4886 67.7144 73.9378 85.9166 85.3934 64.4099 66.4201 63.1983 81.8135 71.487 63.6113 73.332 68.3202 77.38 74.2683 75.8379 76.8568 63.3635 79.6381 83.6585 84.705 98.336 93.6546 82.2266 89.7168 95.059 105.468 89.5515 113.482 96.2431 91.9473 85.7789 65.4288 72.2856 77.6829 76.609 65.952 57.7459 63.0606 57.085 53.808 47.3918 35.7986 46.1526 50.476 49.0991 52.4036 54.4965 60.4996 43.1511 62.1243 48.5759 60.2518 59.5083 59.8112 66.7231 59.646 71.5972 68.7884 68.7333 73.0567 79.6105 68.8159 74.3784 77.9858 69.8072 79.3352 79.2801 70.8261 88.4225 89.3588 79.9961 96.7939 92.3604 111.774 109.213 109.076 117.282 132.73
125.085 120.642 125.867 117.15 124.023 121.341 106.002 114.021 102.342 101.811 89.9648 89.3781 98.6819 71.2175 81.611 79.0685 86.5004 88.2047 86.4445 90.6354 79.0964 75.5202 71.3293 85.9136 80.4096 68.1162 65.3502 76.3584 63.7856 75.1849 78.7332 78.2303 64.6238 63.0033 63.5901 71.8322 78.845 72.8101 70.994 87.8415 85.3828 81.7786 86.6121 91.7809 80.9963 74.0953 97.285 86.3048 88.7635 107.567 100.302 102.677 97.8996 67.5295 62.3048 70.8822 59.5947 62.7239 54.2583 70.2676 48.5866 56.6052 69.7926 60.5726 56.6052 51.5482 42.9428 55.4597 57.5272 57.0802 44.5075 58.3654 49.6483 62.6122 63.9533 51.0173 67.1104 78.0068 65.4341 57.5272 76.2745 75.6319 72.6983 65.1547 72.3351 72.9777 81.9183 80.9963 75.7996 78.4818 90.6913 81.6389 86.3607 111.534 100.302 101.001 110.528 110.305 116.368 108.712
134.31 131.277 108.661 105.685 93.5833 109.795 98.1747 119.629 102.369 117.617 108.378 100.017 113.904 93.4416 97.4378 87.7734 94.2352 87.1498 86.8098 69.3231 84.1173 73.8861 73.1775 79.1859 73.0925 78.0523 72.7808 67.5092 75.7849 70.7685 67.9627 60.7073 82.0201 64.8735 69.8332 60.849 71.5054 68.2461 76.1817 72.4407 66.6873 75.4165 77.0036 85.5627 96.9276 85.8461 98.033 89.2471 112.685 93.7251 94.2919 83.4938 80.0362 63.5698 67.0558 71.8738 61.1324 68.5012 64.3067 50.9012 57.6181 63.6265 55.9176 48.8606 58.355 49.6542 53.9337 53.2819 40.1881 52.0348 64.6468 43.7875 58.4117 48.974 49.7959 56.031 49.229 58.5534 52.8567 54.3021 63.3431 53.9337 65.9505 68.1611 76.6068 81.765 81.9067 89.0771 103.475 102.483 106.309 106.195 100.612 94.717 92.7048 91.6278 92.1946 112.204 104.778 108.066
123.942 117.072 128.569 110.863 99.3086 99.7972 93.0138 103.016 80.0505 105.661 117.129 99.2223 118.825 93.9335 98.7912 86.4315 103.706 101.666 83.6721 82.0625 84.9656 88.7597 76.4288 69.013 75.2216 74.5605 76.9174 78.2396 78.0672 75.2503 80.884 90.6568 65.3338 80.1367 71.5137 72.8933 66.2824 70.5364 82.2925 75.7102 77.1186 81.114 73.267 84.247 91.0592 89.8232 91.0592 88.0411 103.333 103.074 90.1394 81.8326 75.1353 70.0765 74.618 64.8164 71.8586 62.3445 44.3224 66.0812 54.2963 48.3177 56.4521 52.8879 66.5985 51.2495 63.5805 55.2449 46.3632 54.2963 48.3465 59.8438 55.8485 43.5176 60.5912 58.6366 57.7456 47.0817 64.3853 72.0885 51.5082 64.0404 54.4976 79.5043 73.9569 81.5451 93.5886 99.7972 86.5465 105.46 105.172 86.7189 84.7069 103.045 95.0258 88.5298 88.6448 88.9609 101.177 110.835
132.175 119.38 105.244 108.683 104.632 92.2162 102.971 99.2403 98.3951 99.0654 82.7148 99.3277 91.2253 83.2103 89.8554 112.939 99.2986 89.768 87.3489 93.3237 103.175 83.7057 81.549 75.7199 80.7038 82.0153 85.3087 91.2544 81.0535 89.5348 83.8515 72.3682 66.3351 77.1189 69.8908 79.0716 77.6435 76.536 73.7671 78.7219 83.4434 85.3379 79.3631 72.8345 75.1078 76.8274 85.4253 84.3761 97.0252 96.7046 88.7479 80.1791 78.3138 60.8266 61.5261 66.3059 60.6808 63.3914 66.6265 58.3201 49.3724 56.1341 54.5603 60.9723 55.697 56.6588 52.0829 60.7391 58.5824 52.3452 56.9794 61.118 66.2476 57.5331 46.6327 65.7521 56.6588 69.5119 68.7541 73.6797 75.2827 69.5993 78.5761 91.5167 72.339 89.6223 76.4194 77.2355 77.352 86.8243 95.9177 84.6967 79.946 80.5289 79.2756 82.9771 89.5348 86.8243 85.1922 94.4021
133.968 108.735 113.758 108.794 103.712 101.407 107.73 86.3082 103.564 85.0967 90.0312 77.503 67.3978 79.9555 87.106 95.7929 92.8973 101.318 92.5131 104.214 95.2611 99.9 86.3377 85.5399 89.5879 91.2426 84.1808 89.7948 83.8853 85.3922 83.8853 90.8289 73.9278 80.1032 84.3285 80.31 87.1651 74.046 87.2537 87.6378 66.3341 74.0164 74.5187 74.1346 82.0829 85.5104 83.0875 97.6249 103.771 108.114 81.6692 84.5058 66.9841 69.2002 63.793 63.8521 50.9989 56.0516 59.6564 62.0792 58.3563 66.925 70.2934 58.2085 67.8705 63.7339 60.7201 58.829 71.0912 60.6905 71.8595 76.3211 62.5225 65.4772 71.3867 65.0635 73.455 64.0589 70.9435 75.3461 65.5954 79.6009 69.8207 78.6849 77.503 69.5843 79.66 68.9047 78.2713 67.4273 63.4089 77.6508 75.2574 72.805 82.792 86.9878 88.2879 95.0542 98.4522 118.722
125.818 130.28 117.911 121.295 100.96 80.4743 87.9617 108.148 92.8734 90.6272 81.1032 79.0068 80.2347 76.7306 85.6256 80.3844 87.2129 74.4544 92.4241 90.8069 102.427 84.5474 105.512 113.928 89.2794 73.3164 85.8952 91.4358 83.8586 73.9154 67.8057 99.4922 91.2262 99.2227 71.16 87.6023 88.351 78.4976 71.1001 65.3797 66.5478 66.7874 70.7108 63.9721 75.3529 82.5408 93.5922 105.183 106.68 113.778 98.2044 94.6404 74.4844 54.2086 62.9538 48.2486 68.3447 52.4116 70.8905 67.3564 60.0487 66.4879 65.0204 68.9737 68.6742 89.7287 75.0534 69.0336 71.9986 73.7357 74.694 70.4712 73.3763 69.1234 74.0651 78.0484 73.4961 80.6839 72.7174 81.7621 68.2848 78.7372 66.8173 77.7189 65.2001 51.573 76.8504 58.731 73.2864 62.8939 50.7344 70.6209 65.2599 60.3782 75.3829 78.5875 80.8337 84.6373 116.054 89.7287
137.067 132.454 126.293 109.872 115.973 97.398 86.4108 105.987 76.8197 88.9906 88.414 87.0481 72.6919 79.7638 90.2351 75.9698 71.3564 79.2478 82.9507 87.989 97.0034 82.5258 96.2143 107.11 103.468 106.534 94.1504 92.6025 96.5178 89.1728 87.3517 96.6696 78.7622 71.7813 77.2143 87.6855 82.4347 68.9283 65.3772 71.9331 61.9778 76.9714 56.12 68.2302 78.4283 87.5641 75.2718 99.3709 117.764 116.641 107.991 85.9251 69.6871 74.8165 52.5385 55.1184 65.5896 64.4059 51.4155 64.7398 77.6695 81.3724 73.6024 68.8676 82.2223 72.1152 86.3804 73.9059 71.5385 58.4267 67.4714 64.7701 92.6025 72.874 80.4619 84.3469 71.8117 76.1823 75.2414 72.4491 84.3165 86.0769 69.6871 59.5497 50.5353 67.7749 64.4666 70.3548 78.4587 63.1312 71.1136 73.1472 64.1024 89.1424 79.1568 81.858 74.2398 102.801 97.398 105.745
129.811 133.932 116.218 111.605 108.222 102.04 90.5999 94.8439 100.626 92.6296 94.1366 78.606 82.85 84.1109 94.9362 90.2309 85.9254 73.87 76.7301 82.727 77.5604 79.0673 75.7152 91.461 85.9869 94.6594 84.603 104.008 110.405 85.5256 95.5205 86.1407 78.5445 84.8183 81.0048 70.7946 71.6557 72.9474 78.2985 72.4553 76.2073 67.4733 72.6706 93.0602 88.0166 97.3964 97.2119 94.4134 111.912 117.294 101.456 96.4738 64.9207 71.3174 68.2728 66.2431 70.7639 64.1211 67.6578 62.3989 57.4169 70.2103 82.0812 73.2857 76.484 82.9115 62.3374 78.7291 81.5276 83.6189 81.9889 76.9146 91.092 69.6568 83.7419 70.4871 77.4374 63.9058 63.6598 70.6101 67.9346 66.0586 55.2333 56.156 72.8859 54.0647 54.5875 66.6122 49.8207 75.4077 79.8362 61.7839 57.6321 76.8838 79.9899 84.972 87.5246 92.5989 101.118 89.8311
119.419 106.303 110.633 97.143 92.6566 106.957 86.0205 95.4918 94.4325 82.9049 97.0807 99.6355 95.2425 85.0547 77.8889 79.7894 84.93 75.3964 86.7059 68.4176 86.7371 72.0005 81.7522 73.1532 70.5673 90.8496 75.116 92.127 91.6285 86.2074 80.6306 95.7722 87.2356 79.1351 77.4527 67.3272 82.9049 76.6427 69.4769 69.4146 77.6708 78.6366 90.2265 89.1049 79.7894 84.2446 92.9682 111.038 108.889 108.702 104.215 79.7271 85.3039 81.9703 75.8638 70.505 66.6106 76.1442 70.7543 68.8226 65.0528 76.518 65.2397 63.6196 73.5894 66.4548 67.0779 78.4808 82.5934 76.5804 73.901 85.2416 71.2839 76.7673 71.0347 68.3241 64.4608 67.2337 75.4899 62.1865 73.6829 76.3623 74.6487 61.2207 69.1653 62.9965 79.6024 52.5594 55.5815 79.0416 61.0337 72.904 72.7794 81.5964 95.741 81.1602 88.5752 78.6055 91.0988 98.3269
124.211 118.372 111.619 102.436 94.9567 88.8346 91.8325 85.3317 96.8502 107.106 104.897 85.6473 107.233 100.006 106.507 94.5149 81.671 90.3178 74.4443 93.8838 84.1641 96.3137 77.7263 80.314 72.898 80.5349 72.1722 68.9849 59.202 79.0517 82.2075 82.744 88.3928 87.1936 86.026 86.878 83.9747 88.4243 77.8841 69.9 76.3062 84.0378 81.0399 69.4898 85.1108 88.3297 90.0969 130.743 114.996 119.54 108.179 92.9371 87.6038 89.2764 83.5013 75.0124 62.8311 81.4817 64.7561 65.4504 66.4287 77.1267 63.6516 61.8213 63.9988 76.6849 72.898 79.8722 74.4759 80.4087 90.728 78.7046 88.5821 78.7993 82.3653 80.8821 65.7975 73.0873 74.2865 67.6594 74.9492 63.0205 74.3181 60.8746 73.8132 62.3262 74.6337 66.2078 93.7576 86.6887 79.2726 75.5488 96.5977 85.1423 109.663 80.2509 102.026 89.2764 103.572 109.379
129.756 121.159 118.059 103.421 109.781 94.888 96.0705 93.5457 97.5407 80.0588 85.46 89.9023 96.7097 98.5634 86.5466 94.3767 96.1025 95.687 87.1538 96.3901 91.5642 82.0722 70.4389 83.5424 63.1522 69.5121 61.1067 67.9461 65.3254 67.6265 68.5533 75.2648 91.4684 88.4322 100.321 84.8847 84.7568 82.232 76.8309 70.0554 78.6206 85.5558 86.8023 88.1126 79.4835 99.9377 107.544 119.88 106.745 123.236 124.035 87.793 74.8174 63.8872 66.9554 72.6442 83.4145 64.9419 63.0882 74.1782 69.5121 86.8023 61.9697 69.7039 72.2926 82.6795 77.9495 72.5163 76.5752 81.7526 77.9495 71.2699 88.1446 78.7165 73.1236 78.2371 76.5432 74.5617 85.9394 79.6753 70.8544 81.1774 75.8401 83.1908 73.6349 93.354 95.7509 76.9907 101.024 86.2589 77.1824 83.3826 83.4145 75.2329 64.878 81.7526 82.0403 82.5516 88.6559 107.033
121.874 110.774 118.864 117.311 98.2175 109.22 96.6965 93.5574 97.3761 88.4767 92.0688 86.2437 94.949 96.7289 95.8875 102.166 96.2111 105.272 112.683 91.8099 87.2146 77.7002 74.9495 60.8722 78.0562 67.9918 68.2506 67.7005 70.4189 63.9789 61.3253 81.2924 84.658 71.0337 76.0822 81.7131 96.4376 94.3341 97.6026 86.4379 91.5834 91.2921 95.4668 98.7353 100.839 105.013 94.3341 117.214 117.732 115.952 96.114 86.6644 86.8909 71.2279 73.9787 86.9233 75.3702 82.5868 60.5486 85.014 64.4643 77.3119 82.3927 77.6032 69.0921 77.862 80.6128 74.9819 77.1501 86.8909 64.2702 68.9302 71.5192 80.7746 75.7909 63.2993 68.5095 61.8107 77.862 80.1597 87.9589 85.6936 79.1565 99.8032 81.3571 75.7262 87.7647 80.2892 77.2795 70.1923 92.6513 95.1755 82.9428 90.1271 80.4833 90.5802 79.3507 89.1239 94.237 97.9586
132.627 125.649 122.634 107.694 115 94.5886 95.5715 99.9946 92.1641 87.6755 88.3963 83.8094 87.7738 89.7068 90.4604 87.3151 92.3607 93.4419 88.298 89.8379 100.683 87.9376 71.8507 61.4318 68.2139 68.4105 77.2567 75.127 67.5914 74.7994 63.3649 68.6071 81.6797 83.0231 89.3137 77.6171 85.2182 93.8678 98.7824 112.772 100.715 104.582 95.9647 108.087 92.5245 95.9975 99.1755 95.0801 113.952 111.331 111.79 78.5672 89.9362 72.2438 67.1982 68.7709 72.637 80.0743 68.2139 59.7281 74.439 79.5829 92.5245 80.0088 80.3364 81.1883 78.7965 73.9475 65.3635 80.4675 74.0131 68.1156 68.3122 71.8834 57.0415 65.2652 79.1242 81.5487 79.2552 87.5772 84.694 95.506 93.8678 76.1755 86.2011 87.4134 74.1113 73.5544 71.6868 100.06 84.694 87.9704 89.0188 90.9846 93.8023 84.8578 97.6356 93.0815 93.8678 93.3436
144.635 145.232 114.753 119.33 117.241 103.444 105.036 102.283 89.9121 95.0196 90.3432 95.1191 89.1825 86.8277 83.7101 93.494 80.1946 89.4146 81.6207 79.9624 93.0628 66.663 90.0448 86.6287 67.8238 67.1273 77.276 76.4137 89.9453 81.9523 83.5443 85.6006 78.1715 66.9283 81.0237 91.0397 81.5543 94.5553 82.6157 102.25 104.704 99.3975 96.7774 98.701 98.8668 102.15 102.581 109.513 115.018 106.827 107.987 87.491 89.1161 84.1081 77.3755 77.8066 78.072 90.5754 76.2147 87.7563 78.2046 84.0086 87.7563 76.679 82.1845 86.4297 72.5996 72.3675 68.8187 76.2147 80.891 77.7403 80.692 74.7222 76.878 78.2378 78.0056 88.6186 76.3142 90.0448 80.1614 94.5553 86.7614 96.9764 94.6879 95.9151 89.1493 93.7593 94.1241 79.7966 92.897 87.5242 78.4036 96.7111 85.3021 91.8025 95.2518 92.9633 108.75 112.531
140.313 137.829 126.785 109.8 110.505 108.692 108.793 117.353 98.1855 98.9911 91.774 97.7491 100.502 87.5445 79.6225 89.3907 78.6491 76.5679 77.1721 83.6171 67.8403 75.5944 98.454 107.282 100.267 88.4173 89.8271 88.7865 91.9083 82.6101 87.0074 92.2775 98.1183 92.5461 92.0426 90.1963 81.5023 76.2322 86.7724 82.9793 94.258 83.3485 91.5055 102.751 93.721 111.411 112.586 107.114 117.218 119.434 118.259 96.9435 80.8981 75.2587 76.8364 83.4828 87.2424 91.6062 92.8482 73.7818 83.0464 82.8115 71.7677 79.0519 81.8044 70.3243 77.9777 66.5983 75.6951 80.6967 70.9956 77.9441 79.9246 80.7974 68.9144 83.08 89.5921 94.728 89.5586 77.3399 91.5726 92.4118 82.5765 77.5749 84.3891 82.5429 93.8217 92.2104 92.1097 87.5781 79.119 93.9224 94.7616 89.1222 91.9419 104.06 95.9029 111.613 108.491 112.888
130.206 133.909 121.645 115.293 123.344 99.4633 103.574 118.147 112.949 115.021 99.6671 119.2 95.4209 95.285 97.2213 86.0792 96.2701 97.2892 89.5102 93.8243 109.722 102.011 108.126 101.298 123.921 102.317 107.514 97.3572 112.338 108.703 106.257 110.096 92.3976 96.6098 78.0624 81.2215 84.8563 87.0643 77.5528 79.7948 92.5674 119.2 95.5907 104.253 102.996 116.856 113.663 125.688 131.904 120.966 108.058 93.3487 95.3529 95.1152 101.841 84.4147 103.676 85.5697 99.1575 86.9964 83.5994 74.4955 76.7036 78.0963 80.4742 82.6143 87.0643 77.8246 83.1238 82.2746 87.6758 84.8223 96.7457 95.4548 108.16 91.3785 84.7204 92.1938 78.4021 106.733 88.4571 89.0685 83.7353 97.0175 99.0217 88.0495 100.245 95.1152 90.767 100.822 107.039 102.69 100.754 98.1385 110.435 103.981 103.438 109.552 116.108 118.962
153.848 138.724 128.378 140.752 138.14 127.107 131.816 117.07 124.288 109.715 97.4782 100.022 95.1409 100.881 97.9938 103.768 91.6694 108.89 100.537 103.012 100.778 108.649 117.998 106.793 110.368 135.425 107.102 122.226 121.092 115.077 115.145 115.214 111.742 113.117 110.402 107.446 104.387 104.387 105.865 97.3407 108.477 113.289 101.843 119.751 93.2161 117.036 128.207 105.074 126.488 123.36 116.692 116.933 106.793 88.8853 103.94 100.881 108.615 90.6038 106.793 105.831 87.4073 93.1817 108.271 98.7843 101.018 95.1753 95.7252 102.978 92.5287 103.253 109.783 105.143 112.877 109.405 113.599 112.945 115.386 116.52 102.153 122.982 109.783 113.255 94.8316 96.7564 102.29 100.365 98.6468 111.914 112.602 112.464 115.695 113.667 105.762 130.097 104.868 115.73 127.003 115.695 122.501 134.634
156.169 154.082 142.085 139.304 143.685 120.178 128.732 127.481 105.816 107.138 102.27 114.197 118.405 106.721 103.278 122.264 113.223 116.179 83.2483 102.235 120.769 119.17 124.768 105.677 108.007 97.9576 114.962 126.368 124.003 121.951 136.696 129.428 138.469 136.73 129.984 134.992 128.176 124.56 123.099 123.412 135.409 123.203 133.67 124.142 126.159 129.428 134.088 128.489 134.679 142.085 115.518 121.047 121.047 108.425 111.241 111.102 123.69 103.521 106.999 113.049 109.224 118.787 114.719 109.989 114.023 110.893 116.944 124.733 130.193 105.677 115.657 126.403 117.118 129.741 127.793 110.789 122.125 129.184 119.378 128.141 112.18 128.663 122.16 112.91 108.425 107.277 110.65 121.812 107.347 121.186 123.934 119.517 125.359 118.37 115.205 127.411 118.718 133.635 122.056 138.121
159.979 154.175 148.301 148.125 134.407 111.542 126.07 115.693 110.522 121.427 119.492 110.206 113.829 101.728 124.346 125.753 116.572 133 131.839 122.799 120.582 103.628 117.311 114.673 127.582 116.643 129.025 128.849 121.778 122.869 123.15 131.768 129.165 145.804 127.618 140.879 137.537 138.944 141.582 124.733 127.547 119.316 122.13 124.1 127.934 131.17 144.15 128.638 134.125 156.427 128.356 141.899 133.844 130.432 125.859 130.397 138.874 119.668 122.517 124.065 135.391 131.487 121.638 129.939 134.688 117.628 120.899 125.753 121.603 117.206 122.658 125.296 122.517 117.733 115.165 125.894 119.598 119.316 111.331 115.869 129.271 129.271 119.527 127.794 105.07 124.381 129.025 118.964 126.773 126.668 127.231 131.346 126.105 139.542 126.703 140.879 129.13 130.256 136.306 142.849
162.199 167.429 147.043 133.986 118.403 121.036 110.647 119.257 124.06 106.627 120.822 113.849 116.553 118.332 126.799 124.593 119.541 105.31 106.449 110.86 128.649 107.587 124.238 102.713 122.139 114.916 108.619 107.979 119.221 126.479 114.276 117.656 127.119 113.031 119.008 111.181 111.572 120.573 112.853 118.474 127.475 114.845 111.252 119.826 110.291 122.281 121.818 133.844 132.42 151.704 129.681 125.483 130.037 112.71 125.02 115.806 108.868 125.341 110.006 134.626 126.799 133.203 134.093 140.71 125.554 126.052 134.484 121.747 120.964 117.869 119.541 113.351 108.299 124.7 115.13 123.277 109.081 112.604 118.047 112.533 122.281 119.79 124.309 112.568 124.309 114.56 120.751 127.902 131.745 130.037 119.079 118.474 134.377 126.692 136.725 140.639 142.133 139.18 140.497 140.319
164.68 161.405 148.776 149.784 141.401 141.904 132.19 136.148 135.932 117.798 135.14 130.93 125.354 121.54 123.627 141.365 108.119 114.632 114.38 104.773 105.169 91.9284 104.233 104.197 100.276 112.617 111.609 109.99 102.363 94.8787 97.6492 101.319 97.0015 87.1791 101.139 99.3762 97.3254 97.3254 105.025 88.7622 95.6703 108.443 82.1779 109.199 103.838 111.897 119.453 136.543 135.14 130.607 117.186 106.788 113.768 105.961 105.133 112.257 103.874 111.142 103.01 104.881 116.79 120.137 100.276 109.415 106.14 104.233 112.293 98.4767 117.33 112.761 115.603 102.434 121.036 110.602 98.6926 102.686 112.149 110.638 115.603 110.926 108.911 118.769 117.69 120.28 108.875 120.352 118.841 142.876 136.148 128.448 128.088 135.248 136.903 130.571 130.535 133.521 144.675 145.035 145.071 140.573
161.899 155.569 153.568 157.933 149.275 148.22 141.78 144.836 132.575 125.626 129.556 117.259 103.215 108.309 109.291 115.148 117.877 90.2997 97.4305 99.3587 100.814 102.124 86.3341 91.3184 91.3184 88.0804 91.1365 90.2997 74.4372 78.2209 77.0203 78.0754 74.3281 91.6458 80.2947 78.6939 81.6772 86.1521 78.2573 86.0794 98.8494 106.744 92.8464 97.6488 110.31 120.86 116.676 110.637 131.229 103.324 114.639 101.905 92.519 94.0106 97.7943 90.8454 101.251 100.305 98.3037 103.033 93.4649 103.615 103.906 98.6675 95.575 105.907 100.086 100.487 101.724 106.49 93.3194 105.907 95.284 98.3401 100.705 89.6084 102.015 96.5937 90.2633 109.873 103.324 102.342 108.745 119.296 105.253 102.597 108.563 105.507 111.547 114.166 123.916 117.804 120.024 135.413 137.196 150.221 137.451 144.654 149.238 150.875
154.087 147.466 141.838 134.298 140.551 139.595 121.571 129.663 128.56 120.026 96.0058 119.106 111.823 93.1367 118.407 100.236 86.1477 111.418 93.0999 113.662 88.9433 89.4215 91.8125 92.2539 88.1709 104.061 66.9098 89.0537 85.5592 74.2298 72.1699 66.2477 77.3196 84.4925 67.0569 78.3864 66.027 77.2093 82.3222 84.235 78.6806 97.4772 102.002 126.5 106.563 114.14 107.335 118.665 132.459 114.766 108.77 88.9433 87.3984 71.6549 79.8209 91.2975 83.5729 86.442 83.6832 90.3411 88.2444 90.5618 87.288 81.3291 94.6816 81.2187 83.5361 77.6139 82.1383 84.2718 80.8877 95.1966 101.854 99.5739 97.1461 97.845 98.0657 100.677 92.6217 104.576 90.7089 103.179 86.6995 83.4993 112.08 105.312 106.783 109.358 111.014 120.577 112.117 124.955 134.923 115.759 118.996 116.458 125.359 132.716 124.991 134.592
148.743 145.806 132.642 117.582 136.1 135.245 127.25 123.011 135.58 123.866 112.599 103.005 112.524 112.748 99.5465 98.0963 98.0963 98.3194 102.187 110.628 90.8451 98.0219 100.922 97.0179 109.773 90.8822 92.9275 86.3827 81.028 105.459 101.034 78.3134 91.2913 86.3827 74.5205 77.9416 68.5335 87.3496 78.7225 95.6792 89.2089 88.6139 92.7043 107.393 123.494 114.421 122.899 120.408 123.271 113.157 101.703 91.4028 91.0682 75.6732 82.3295 88.3164 89.1717 75.5617 86.0853 93.5596 92.3325 94.7124 92.3697 100.067 83.8169 86.5687 85.3044 88.7626 87.2752 85.2672 105.013 85.825 98.3938 88.6883 91.3285 95.3817 87.0149 98.2079 101.294 77.2722 107.504 115.462 104.715 101.629 99.2119 92.5184 108.657 115.276 105.905 110.554 113.491 106.24 122.453 120.073 115.648 120.11 127.027 128.886 134.538 129.332
149.525 144.676 137.196 126.934 117.161 128.363 117.199 106.637 97.954 112.613 115.771 93.2555 101.713 106.186 112.012 102.201 95.2101 94.2704 104.419 81.5657 86.0387 88.6698 88.6698 94.947 101.262 86.4897 95.9619 110.809 99.3824 107.727 91.8648 91.6768 96.3001 87.1663 82.6557 79.8367 91.4137 95.8115 94.4208 98.4051 97.1647 96.4129 85.0614 94.4959 100.397 110.734 107.99 125.13 134.828 120.92 111.072 93.1428 98.8185 78.258 79.6111 80.3253 76.0403 84.6103 82.9189 80.0998 95.8115 104.043 101.074 106.862 80.8515 97.2023 94.6087 78.8218 88.2563 91.8272 89.0457 100.284 90.6996 100.284 86.0011 102.164 88.557 89.2336 96.6008 91.0378 93.8193 107.351 120.77 100.209 101.75 106.111 117.5 113.703 100.172 118.477 106.674 113.553 98.4051 112.651 105.359 122.161 122.95 136.707 134.715 119.868
142.69 148.085 140.791 143.716 115.641 121.34 116.629 103.978 104.092 112.032 106.258 116.629 109.297 101.661 105.992 102.611 99.7615 78.2212 95.5066 97.0262 99.7995 85.8572 93.987 82.818 95.5446 89.3902 83.7677 81.3744 101.395 99.6095 102.079 95.3926 90.6059 103.219 101.775 100.825 110.209 97.9759 105.688 97.2162 100.483 94.8608 94.2149 94.025 97.71 102.915 109.601 116.515 133.876 134.18 110.057 94.7848 89.8461 109.221 79.2469 87.9466 79.3989 88.0986 83.5398 86.2751 91.7076 93.873 94.9747 100.027 94.7088 108.119 104.016 98.7737 95.2787 68.1919 97.634 94.5189 74.2703 95.6206 95.2787 95.6206 100.673 88.5924 91.7076 98.8117 105.194 100.787 111.12 105.992 99.9894 106.79 116.059 100.065 91.7456 107.777 106.182 117.959 99.7235 101.889 108.499 113.172 117.009 114.995 119.402 113.514
144.814 137.098 132.183 132.183 132.03 116.366 112.296 117.748 96.7092 98.7824 103.351 108.38 108.841 106.154 107.267 108.342 108.342 110.492 95.0968 92.4477 83.6176 87.188 102.545 78.7418 89.2996 94.4441 77.7436 94.7513 81.7748 80.2775 87.7639 93.1772 104.196 93.254 116.097 101.585 108.956 114.024 100.165 119.092 109.11 112.527 110.799 112.066 111.989 106.499 109.609 125.234 122.701 120.551 127.807 103.965 107.229 91.5647 99.0128 100.472 87.2648 95.8646 86.9193 91.104 86.4202 98.5904 89.9907 89.8755 95.8262 101.048 104.618 96.4021 103.197 89.4916 99.2047 85.0381 96.2101 91.1808 97.8994 108.918 82.5042 100.779 105.194 85.2301 107.613 90.1442 101.777 97.5923 103.466 92.4861 84.0399 91.6799 99.5502 94.7896 99.7038 87.8791 105.77 105.155 113.794 99.8574 99.0512 118.977 111.912 115.636
147.844 136.671 112.153 117.507 126.274 115.761 140.512 124.141 124.412 127.322 114.83 105.52 108.739 102.998 102.882 109.438 96.3641 88.2174 103.308 84.4544 98.1875 80.6526 87.3252 75.0275 77.7431 76.4241 74.8723 93.2994 80.6526 78.0534 87.3252 90.0019 110.951 116.615 89.8468 103.308 109.321 105.752 101.369 98.9633 95.3943 105.791 115.684 109.089 104.588 107.226 126.74 140.783 123.869 118.787 135.818 124.723 101.679 105.597 105.597 83.9501 91.7089 104.744 93.8813 83.6009 86.3165 86.0062 93.1055 105.054 97.2564 100.05 108.313 103.425 103.696 109.36 95.2003 87.8295 102.028 99.2349 79.8767 73.6309 91.9028 86.1613 80.0707 98.0711 90.7778 94.9676 112.347 90.9718 97.528 89.1873 86.1613 80.4974 92.446 89.2261 97.7995 88.0234 94.3081 97.14 82.2819 104.201 101.097 107.614 106.994 110.873
141.105 133.658 114.256 123.938 115.119 115.079 117.549 121.272 106.809 119.352 107.319 101.478 107.515 96.5788 95.5597 92.6592 86.7799 94.3839 102.145 83.6442 79.2542 85.408 79.1758 88.0341 91.013 85.1336 94.9718 80.5477 90.0331 103.987 93.7175 97.3236 103.281 112.61 100.89 110.415 102.968 109.2 101.282 117.784 110.337 117.078 113.903 110.846 120.292 119.861 122.605 131.228 132.012 141.223 131.346 115.55 113.198 103.908 106.966 99.4793 98.5778 100.969 110.65 104.732 108.377 108.063 95.2462 96.3045 105.084 103.399 107.279 102.262 97.4412 111.317 104.771 102.537 104.222 85.3296 83.7618 83.409 78.1175 81.8412 89.2492 94.9718 94.3447 86.3879 99.8713 102.968 76.9809 86.1135 71.4934 97.5979 81.1356 81.9979 82.7035 74.4723 88.3085 85.8783 100.93 91.9537 89.014 101.831 105.163 103.83
138.078 134.277 127.387 125.882 119.467 108.221 114.042 115.27 123.071 122.318 120.378 106.321 98.6782 101.886 89.333 97.9654 97.8466 95.7479 86.68 93.4512 90.5606 86.4424 79.6315 75.1174 96.0251 96.3815 92.1445 99.8265 99.6681 82.4034 111.508 117.21 116.22 117.329 106.835 112.062 116.378 111.429 100.262 97.9258 102.678 102.163 102.084 101.292 114.874 123.506 123.427 127.347 132.178 137.405 130.911 123.229 138.672 111.825 118.2 121.368 119.348 94.9164 110.478 90.2042 90.6794 99.4305 85.0961 101.054 100.856 86.3632 100.777 91.9861 88.8975 102.757 97.8466 98.4802 89.1351 96.0251 91.1941 91.4713 104.301 97.7278 89.0163 82.1658 86.5612 100.064 99.0345 95.4311 92.0257 89.531 86.1652 105.964 67.7125 93.768 106.241 86.9176 90.6794 98.203 83.9081 90.0458 92.0653 101.886 103.984 108.974
133.88 116.36 111 117.72 112.36 117.6 129 116.68 140.36 110.32 114.76 109.44 112.96 111.56 100.52 111.44 95.72 99.64 103.56 104.36 95.84 83.4 98.24 92.56 97.48 86.32 110 107.56 108.48 110.96 110.44 97.8 116.76 107.52 108.52 111.76 104.08 110.16 89 98.36 94.68 102.12 96.44 104.96 116.56 122.56 111.88 108.28 137.36 135.4 106.24 95.44 118.6 95.88 102.16 103.2 106.64 91.68 96.6 97.16 94.96 88.44 95.48 92.36 94.44 98.96 96.12 88.64 105.12 107 100.04 91.84 121.84 97.92 109.24 107.12 90.04 95.16 87.28 95.96 94.56 82.76 89.36 85.84 88.76 97.32 100.8 95.72 86.2 101.44 91.44 83.88 89.36 94.28 93.04 107.48 114.68 100.4 111.12 105.44
