162.809 164.083 167.634 168.101 168.386 159.629 163.373 167.458 165.867 159.073 171.104 165.5 167.744 164.981 157.866 160.476 164.432 162.488 158.121 164.382 169.409 157.785 167.74 168.457 163.857 160.105 161.698 166.022 169.788 162.626 165.138 152.574 156.074 156.736 165.863 160.364 160.321 159.087 164.287 167.248 164.099 167.367 165.299 166.734 163.513 162.152 159.472 164.795 163.968 167.522 166.077 168.035 168.88 164.744 165.096 157.914 165.226 175.274 147.034 161.186 174.015 163.726 159.059 163.148 159.31 167.014 168.296 165.784 159.587 165.898 166.893 167.984 168.192 162.502 167.409 166.253 166.31 167.609 165.162 164.289 169.321 160.522 163.236 163.1 168.561 168.562 175.754 170.504 170.928 167.439 160.694 163.058 169.399 167.786 167.423 165.147 170.122 167.272 172.787 166.129
140.595 149.709 153.693 152.534 135.482 150.448 134.839 154.598 148.21 149.905 141.275 143.057 150.868 148.303 148.019 133.66 140.878 145.012 132.338 138.598 148.828 137.325 140.525 140.985 145.005 143.444 144.753 137.127 128.587 138.009 140.96 137.715 127.687 139.365 136.828 142.699 133.854 141.832 139.166 144.632 143.89 140.726 148.472 140.46 143.702 152.371 149.622 139.335 148.145 143.272 153.343 157.16 147.186 147.91 145.536 144.217 142.764 136.976 142.197 149.563 146.915 149.562 146.424 135.262 140.581 140.046 147.833 151.78 144.757 150.051 145.726 149.159 139.768 142.364 138.646 143.836 147.245 139.985 151.904 131.735 140.622 149.916 139.962 149.538 154.61 148.942 148.75 150.117 147.656 148.802 145.407 138.415 153.323 151.792 152.985 149.002 151.17 153.064 155.807 150.528
141.131 129.159 134.237 138.776 142.311 130.312 147.727 129.454 136.433 136.579 123.96 135.523 133.343 123.342 120.002 127.035 136.781 127.288 131.075 119.803 118.763 125.768 118.218 129.986 115.836 115.869 124.788 115.69 112.504 114.86 115.423 118.205 112.335 125.77 121.605 132.285 118.694 116.109 119.155 118.942 122.234 123.279 129.731 133.557 126.137 139.126 124.82 131.534 138.329 143.289 137.185 138.355 128.152 133.276 123.268 140.025 129.133 129.134 122.186 118.309 125.48 117.414 127.861 132.298 120.242 126.159 129.759 118.733 124.795 129.601 128.804 119.555 122.83 130.032 121.493 123.313 127.042 124.446 121.147 121.95 124.936 113.906 125.631 127.222 143.17 120.3 126.718 130.39 145.213 129.149 141.376 140.471 138.666 139.707 145.386 143.798 147.037 136.995 145.548 134.424
135.914 144.065 125.207 124.955 144.578 125.861 115.937 118.854 122.107 111.378 125.513 114.036 112.122 116.806 125.835 121.098 117.995 121.046 126.266 117.548 118.783 114.477 121.094 119.715 114.393 116.204 105.761 112.503 99.9259 118.582 103.312 103.352 98.7026 119.1 108.001 98.5831 107.637 105.016 104.41 115.549 114.974 111.129 106.806 124.202 122.181 123.103 116.882 126.647 142.07 136.067 132.036 133.115 132.132 125.882 118.816 122.197 119.919 133.011 129.255 121.114 125.714 117.504 120.923 118.366 119.195 114.498 107.873 115.656 120.104 102.845 112.472 113.417 109.033 105.478 108.392 106.429 116.053 112.004 109.622 110.637 114.006 108.558 122.752 108.108 128.088 122.206 120.79 128.794 116.281 120.785 136.004 132.673 136.371 146.123 127.282 138.792 125.241 147.92 140.259 147.082
137.226 119.995 121.584 112.247 122.591 118.386 122.825 108.333 110.553 117.353 113.206 118.766 112.088 111.902 97.5315 105.411 113.49 97.0053 105.935 102.216 107.644 107.308 99.3251 93.0818 90.7892 98.3813 100.999 97.0307 89.2668 96.5262 104.046 96.3797 91.4582 86.0918 95.1828 92.5466 105.731 93.8792 104.739 99.2419 105.335 108.414 106.21 116.037 112.66 110.53 113.303 116.274 137.02 119.042 116.721 131.136 126.513 123.472 113.086 122.984 116.155 128.379 110.461 111.935 111.419 95.3112 110.436 101.247 111.235 100.972 117.467 95.0671 104.118 110.928 96.443 98.1842 108.074 111.642 102.858 109.799 102.281 108.118 108.95 107.113 112.638 111.866 114.406 109.194 112.526 111.759 106.733 129.437 115.596 114.336 129.462 115.92 119.977 120.443 131.645 130.005 127.768 135.823 118.527 141.206
135.258 122.376 111.142 115.087 122.504 119.043 110.109 109.747 111.285 127.017 95.578 97.7859 103.541 102.807 85.7364 93.4806 103.419 87.7056 75.7866 98.9374 82.4368 72.9797 90.6827 84.3794 94.926 84.943 79.988 90.7799 86.605 102.385 76.3944 83.5219 79.862 88.5897 84.1209 85.2127 96.3074 95.8919 80.7836 102.385 96.0223 90.8617 98.9683 103.629 98.9772 95.8919 115.957 114.295 122.76 120.601 112.894 120.755 110.158 110.83 126.153 105.362 102.672 107.983 105.36 102.821 94.1724 112.488 92.0684 97.2047 101.508 105.59 91.7744 93.8365 104.385 96.051 88.0261 93.1447 103.291 96.0068 94.8111 94.6962 92.3115 86.8304 99.3639 102.73 95.2465 101.461 88.919 100.997 107.689 108.715 126.765 108.123 115.104 121.604 121.838 111.82 113.243 122.809 118.654 114.669 134.211 127.311 140.589 126.007
128.715 122.051 127.505 115.665 124.509 107.374 109.842 106.219 102.698 99.0516 93.6916 95.951 98.618 109.555 90.5022 89.1125 84.9592 88.3263 101.254 88.2949 76.509 81.4224 76.1224 82.1564 79.7246 90.476 89.8465 93.5009 81.7437 90.591 86.3202 85.7559 89.5592 86.2131 84.4708 79.5077 81.3911 85.1891 85.9466 87.9632 89.9484 91.3851 90.2566 104.177 96.0817 106.514 108.761 121.829 121.37 126.126 127.291 130.394 122.522 102.419 109.341 107.113 107.928 101.066 104.54 92.6337 104.613 96.4865 93.1012 92.9079 88.6371 92.3019 84.6484 96.6406 93.0542 77.7341 83.7446 99.6942 85.4817 92.0459 84.7973 91.9989 83.2718 85.897 104.571 94.3707 94.3054 91.9806 98.921 87.8143 111.334 107.664 98.012 101.47 105.78 108.811 116.644 117.459 108.301 106.744 116.579 110.595 131.844 113.646 124.465 129.65
116.361 129.569 114.709 115.719 119.661 101.438 101.631 98.7101 111.81 101.176 86.7711 83.6243 93.1671 91.7685 87.175 94.5024 74.2926 84.1096 82.265 85.5474 85.3967 68.4753 79.0157 74.0846 79.7391 73.5541 84.5467 71.4231 76.0558 77.7046 75.1606 79.0037 72.5926 85.3032 76.3422 85.3635 74.9044 93.785 82.0419 89.2789 90.2374 99.7862 79.6607 98.9573 81.9093 94.1467 106.116 117.726 125.099 123.643 126.66 121.672 125.735 115.598 117.187 108.111 99.4908 104.491 97.0282 94.0171 90.593 89.0227 82.8648 82.3494 88.4861 82.5573 76.5471 81.8189 73.6053 89.9239 76.4085 96.1782 79.5432 77.6111 89.5954 84.9867 78.6992 88.8931 95.3946 91.8439 76.0136 83.1722 99.4426 95.5091 84.4984 94.1166 97.9717 101.51 88.9955 116.219 102.975 109.26 108.286 109.513 127.935 122.703 113.531 126.645 122.525 133.397
119.996 120.413 116.344 109.409 94.4603 105.699 103.366 93.3466 87.177 98.2659 89.0798 93.1041 81.636 84.0512 86.996 90.0773 78.3667 59.1577 86.8115 73.9189 80.6112 81.2158 71.3739 81.7453 82.5413 64.176 69.2319 64.053 80.1124 71.3602 64.053 65.1974 63.8549 69.7034 71.449 67.4589 70.2568 73.2083 69.8844 79.6956 75.7807 90.4395 90.8392 88.8475 105.238 89.6128 99.7143 104.309 113.191 127.027 121.072 118.145 106.902 115.234 98.3445 116.467 98.9286 83.4705 86.1419 79.5624 87.8705 89.623 88.0652 84.6559 70.899 75.3913 86.0907 83.286 79.6273 74.3733 77.4102 83.0025 81.3798 71.3875 81.5677 71.5618 85.7627 89.1037 66.072 86.0941 97.2 72.6413 85.0761 85.8755 81.5677 100.985 89.8519 98.915 105.208 94.983 106.68 101.012 105.235 119.815 121.622 121.178 110.485 107.472 120.826 127.348
112.522 117.684 107.192 104.675 117.581 91.8082 98.9864 89.712 86.0924 85.8747 86.5811 82.3735 76.6767 75.2449 66.7036 88.6773 75.1265 78.5438 79.4716 73.9047 66.0775 79.8802 66.5776 58.0402 81.5335 82.3849 67.5933 73.7902 69.3229 61.4231 61.0451 79.2998 75.222 68.0973 65.3864 63.8935 71.0144 65.1382 71.2931 63.4429 66.5013 74.1911 79.4831 91.056 83.2898 95.5385 97.3293 95.172 110.372 119.948 118.268 99.6087 114.221 109.219 103.835 111.583 88.4711 96.6611 90.5558 76.9249 88.0244 80.2315 86.8407 76.6844 66.0049 78.0818 77.3716 79.968 70.2965 77.6427 72.1445 71.5718 70.3767 69.8956 77.7573 69.5444 79.0173 78.4789 84.5536 84.6033 69.2695 76.9478 78.3376 67.3222 97.5927 82.4384 101.48 103.282 84.7827 109.788 103.988 97.2109 88.9789 104.985 106.798 113.923 122.533 132.686 123.113 114.977
107.911 107.961 97.0056 96.0265 94.5156 105.26 98.1619 90.0507 90.0211 93.8784 75.9763 84.404 67.0168 78.6055 66.7889 68.4981 77.0524 76.1535 64.2652 79.0275 51.2923 74.5499 66.3247 64.4509 67.0252 72.0979 51.7439 59.0913 62.5856 65.4385 66.3964 75.74 62.4379 69.4687 72.3005 77.428 76.7866 67.5064 66.9788 83.1675 74.7735 67.3207 82.0365 90.8061 96.2544 106.142 94.9419 112.633 100.04 118.128 113.658 116.148 113.093 91.9709 101.521 105.649 89.4134 93.9079 76.6557 73.0981 89.7975 76.3139 70.9669 74.7567 67.3207 72.3554 69.4687 76.7233 67.2363 71.9502 76.0101 64.1175 69.7009 71.6548 79.1203 81.7917 72.2667 68.9075 76.7866 63.2102 88.7044 81.2811 75.9805 89.4387 90.8398 92.8529 94.0641 96.9845 98.9469 98.0944 82.9692 94.1654 100.774 90.2321 102.386 109.497 108.658 102.724 98.3856 111.299
104.023 115.948 97.931 99.8955 94.5291 85.8393 93.9975 78.6841 86.8562 83.4542 82.2293 84.1198 75.4855 67.0407 71.6213 75.1019 83.9627 71.9726 71.1961 56.0306 74.5148 70.17 59.8208 69.0606 56.6315 61.9054 65.8297 61.1289 67.2857 53.3451 73.1929 61.8823 59.6359 69.3888 65.3582 66.181 55.4528 67.9559 68.2194 53.7888 65.2011 78.3189 75.5918 90.9422 71.3856 88.8206 98.971 112.935 107.203 110.111 105.1 114.229 104.074 95.6939 98.9849 97.8201 88.9732 94.3627 82.71 88.9916 74.6165 74.9956 78.9198 69.8464 79.946 82.2062 80.251 73.6597 78.5408 82.2987 68.2055 69.0884 81.2725 74.3392 79.0585 64.8683 65.7326 76.678 79.9922 73.7892 76.2852 89.5833 82.1508 84.069 94.3765 81.989 83.9442 97.7508 95.0144 101.467 82.6823 94.15 104.624 101.883 86.1675 104.767 104.083 109.866 111.728 121.99
105.238 90.3158 107.011 97.1236 85.6985 77.9561 90.4816 90.8735 95.6967 77.3231 62.376 82.2519 84.6685 73.3992 70.1836 76.0118 71.6055 77.7903 62.7025 71.6356 62.5669 55.5078 64.8479 56.3871 55.5229 60.4065 57.7637 66.3451 64.1294 54.4226 57.9647 60.0347 51.0011 66.104 66.7219 67.6062 49.7852 56.5931 65.0489 57.9195 73.5549 74.7356 66.119 89.6074 68.7216 77.308 102.027 97.1337 102.751 124.742 124.4 119.401 98.4149 113.859 100.706 89.6325 98.9374 82.272 83.8295 65.5463 76.268 68.8623 81.5234 72.6304 75.4892 65.6869 62.0745 63.0542 74.5447 73.1178 78.3179 66.9179 69.7315 61.6977 63.2703 67.2545 66.2748 79.4031 68.3247 69.6109 80.2723 71.9421 74.4291 77.7954 80.7948 90.6373 84.8243 85.2413 87.3063 97.7818 93.2901 89.5019 93.6921 95.6716 108.684 90.9287 104.575 121.285 114.673 113.563
117.956 107.673 105.177 87.5962 96.9022 85.5342 82.2459 84.0311 70.2592 87.2814 63.1454 75.7669 74.1607 62.3261 63.5253 78.2413 58.9618 62.223 65.5547 51.2456 61.9571 52.4503 52.6782 62.4237 63.2648 56.7913 57.5672 55.8417 54.1432 62.6571 55.6735 39.59 53.4216 50.8929 61.5284 70.5903 58.9401 57.4858 51.8696 61.192 73.9762 73.2166 63.4439 77.5304 76.8901 92.6697 87.0915 97.0596 112.427 95.8821 124.923 111.282 112.861 107.842 100.467 95.7356 89.4628 74.1824 74.9638 82.2296 61.2191 60.3075 81.3071 67.6438 61.4144 58.6199 68.9624 66.195 57.2525 71.7243 54.8921 73.0646 68.0453 66.8353 56.661 68.4523 65.9454 64.133 66.7864 75.8049 73.7755 76.1847 68.9244 84.9156 74.0305 59.13 75.3871 75.1917 90.4504 83.4993 77.7746 82.8482 84.259 89.0884 95.703 118.667 105.264 106.631 110.169 113.382
125.285 105.48 98.1017 92.2034 88.8114 86.5383 79.8008 75.9484 86.3577 86.7948 78.0873 67.7013 71.7695 80.1564 59.7807 66.3492 63.8605 71.4897 61.8789 68.1967 62.8872 61.5117 61.6399 51.2597 57.7525 39.4691 66.9845 51.6619 56.9248 50.7877 60.6025 51.4229 67.0894 54.4245 54.4245 54.0748 61.9605 68.3541 56.7675 60.5034 76.3913 70.9477 73.0925 82.6276 85.8797 72.329 95.5897 77.8659 103.703 106.739 105.929 115.406 114.467 106.378 95.3391 91.4458 91.8129 73.0692 87.0279 73.2907 66.559 69.9744 71.7928 64.1344 74.8002 75.0858 60.5967 65.7314 78.7343 70.4348 61.4301 65.4166 59.9847 53.4046 74.1824 49.1732 61.5875 54.7917 63.8722 68.494 72.329 72.6612 71.2508 84.3935 83.8515 75.6511 87.6574 73.9901 80.0631 73.3897 86.4567 91.6381 101.092 97.2041 112.224 108.132 117.026 109.403 115.866 103.091
104.108 98.4824 104.937 105.024 91.6041 69.742 80.6139 82.6512 68.8573 62.06 64.2157 71.58 91.8409 64.8014 72.1095 58.0913 69.7233 57.107 51.643 55.3376 45.8488 58.2346 54.0915 46.9827 61.7361 54.7644 58.5648 56.3905 57.5119 51.2567 42.2851 62.1535 50.9078 60.5336 53.3937 45.6806 58.9511 53.1507 60.4589 61.8233 63.2874 56.3219 54.7021 70.7077 79.7479 75.2371 96.2706 91.7599 103.255 129.279 118.669 127.136 106.264 95.5292 102.532 96.227 82.0656 77.4676 75.2434 59.2938 74.4521 65.2064 74.4147 66.2406 63.8668 65.1627 64.521 63.1379 54.646 51.78 65.8232 62.4089 57.7362 63.3435 56.3157 71.4678 58.6895 70.228 63.6986 70.8012 59.9293 61.3747 68.334 84.1901 79.1435 67.6549 78.1592 83.3988 91.5605 81.7603 79.5921 81.4051 95.8844 97.7223 79.6918 99.068 128.787 128.126 109.491 124.899
99.3456 98.5961 90.7302 92.8127 89.5828 92.4015 79.7139 73.9239 54.9753 64.8442 72.4913 72.4515 71.4964 67.1655 67.3247 49.7822 58.1787 60.772 64.9172 60.7123 55.685 55.0151 60.5664 47.1227 50.4189 58.5435 44.1912 63.9024 43.3887 48.1241 45.9952 52.6805 51.0291 53.2377 65.587 47.9716 56.9783 57.9599 57.2502 50.8036 63.5642 70.3623 60.1286 73.9371 88.4818 74.6601 88.1038 93.1178 101.952 108.127 109.765 109.791 111.847 92.5939 90.3389 92.0434 88.6012 68.7175 73.4662 85.2254 64.5723 65.5738 73.6718 64.2208 65.6932 57.1375 75.7677 58.6231 63.0601 60.2812 64.8907 68.2864 57.6681 63.5045 59.4588 68.1272 59.996 73.254 62.2974 75.0116 62.0321 61.0107 72.6306 64.9437 75.4559 75.0248 75.5355 70.6608 81.7102 80.6159 87.288 86.0809 97.6676 103.69 102.085 101.368 105.832 117.346 118.301 104.751
105.1 93.4372 106.127 89.2025 78.2782 94.2602 74.2897 72.0106 67.4594 77.0683 70.259 68.1628 69.0913 64.2095 61.8319 53.0671 54.9593 53.2289 48.8113 43.4652 53.9323 55.2829 65.743 66.0032 54.889 56.3943 56.9711 45.4559 48.3611 43.1065 46.7362 49.7398 70.5967 46.3563 46.898 44.647 49.0012 54.678 58.1177 54.0871 63.696 66.9458 68.8873 68.1487 74.2827 79.0238 79.5303 100.633 106.141 103.201 92.5087 94.7385 100.549 103.848 93.5286 88.0981 80.0157 76.611 72.9672 74.4656 74.1138 63.0136 69.2461 60.9878 64.5964 72.2708 68.7044 58.1459 51.3648 58.9689 56.8656 64.104 57.154 57.8575 69.6681 46.5181 66.3057 58.7649 67.5578 75.176 65.342 68.4371 65.4335 80.9653 79.9031 69.3868 78.6229 73.7621 75.1831 79.4107 79.671 92.0655 76.0905 93.1839 104.917 106.908 107.963 107.253 115.539 112.31
96.7694 103.455 87.3773 86.4254 87.0947 72.0212 74.0885 82.2982 63.8412 63.157 57.9888 57.8772 50.9019 55.0514 75.4791 59.0224 59.4017 51.0581 54.7911 55.3117 54.3226 49.1692 61.7664 47.5779 49.1841 52.9246 48.9387 52.1958 52.2256 52.8725 52.2776 48.3735 42.7442 43.3168 61.8705 44.2612 52.999 48.9685 48.2843 67.314 59.3645 54.4342 63.276 64.6666 58.6952 80.4466 100.726 98.1749 107.084 111.538 117.896 119.019 106.013 92.0101 105.396 86.4329 74.5867 85.5256 66.1167 65.9531 63.0009 59.9073 67.4553 64.3394 64.0568 62.0341 52.471 67.5519 76.312 57.9367 62.8001 61.0302 47.9869 59.424 59.1711 55.8397 56.0256 60.8666 59.5504 49.1767 72.9582 53.0138 59.0001 75.3304 75.784 74.8693 67.4404 66.1688 80.2458 72.4748 79.584 78.7288 80.9076 87.6301 92.4563 92.5976 109.255 92.4712 114.691 125.593
105.481 85.8303 95.1815 76.244 82.6949 75.5307 81.4722 79.0893 64.3453 62.9893 73.8924 74.1668 62.903 61.2962 54.4768 59.0936 47.9317 62.2133 54.6884 51.6941 62.2838 49.8051 46.2543 42.8133 39.0587 41.3318 51.5139 47.9787 57.1732 51.5687 44.9061 51.3336 43.4246 40.2187 48.1434 45.831 50.197 48.6137 43.5344 45.8545 47.4771 55.4879 59.3209 59.8774 74.6371 77.4981 71.2666 79.4028 93.5981 97.9249 98.5363 111.838 108.522 98.6617 87.5312 76.1029 67.269 68.3899 68.8602 64.4864 58.8663 60.5672 70.5925 62.8011 65.4192 59.1406 53.2461 68.1077 66.3049 51.9685 46.4973 63.4047 66.6811 63.6712 66.9006 56.8753 61.1002 54.9314 60.0734 56.1934 59.9793 54.7433 65.2389 77.6705 57.2986 61.9467 65.8581 73.5005 70.8747 80.3042 76.5183 94.6563 94.5152 95.4245 94.429 107.253 103.866 101.452 105.85 115.412
95.7865 94.5339 87.1423 91.4108 84.6784 78.9431 74.4768 64.4152 68.2635 79.1326 65.1898 72.5238 58.853 74.8806 49.9121 47.8026 49.2364 44.2592 44.5229 50.5961 53.7439 55.4167 55.1365 56.0265 49.2776 56.2737 45.4953 48.6761 46.616 54.7492 50.3406 57.7735 36.3979 57.345 55.153 44.4735 49.4259 48.5442 31.8574 48.4041 42.6194 56.933 55.8782 57.8229 77.5092 66.2528 76.9407 93.6769 100.731 120.631 113.981 110.018 101.299 96.0172 89.1612 80.4923 83.2363 80.4016 65.9809 61.3828 54.5927 54.6339 62.0997 52.3842 57.6993 64.4812 54.6092 57.79 58.7458 57.5675 54.296 62.4705 59.2567 60.1385 62.5859 53.2413 53.8098 66.2528 61.1108 56.0924 56.3149 62.1244 76.405 70.3813 63.5418 60.5587 70.9169 64.3328 80.2203 78.597 85.9639 89.2765 81.2092 88.7409 102.717 87.2576 99.7419 99.7419 98.547 115.539
94.2284 110.675 92.932 84.5748 71.6284 73.3396 74.5928 63.444 79.4239 68.8628 56.9968 63.5045 63.8416 61.2575 62.7354 49.5557 54.6374 53.7213 50.2557 50.3162 56.1585 59.7364 43.964 44.8283 50.5495 49.8495 49.1927 49.7544 40.8441 44.811 44.6122 46.3234 41.0515 44.1455 48.8556 40.0576 50.8002 56.3227 53.0731 54.551 49.1063 44.9925 50.4026 69.6061 64.8441 71.5938 75.6299 96.8297 104.254 110.139 106.846 111.565 111.842 100.857 85.4995 70.1765 85.6983 79.0263 63.2539 79.3375 52.2694 60.0735 62.9428 49.7199 56.582 62.3119 55.4584 60.2463 48.0951 67.2553 51.8027 53.2373 56.2622 58.1981 49.3223 61.1192 60.9896 60.618 53.7559 62.6489 53.704 60.2896 59.2179 60.5056 61.0155 60.2204 67.0998 77.1423 86.9946 86.9082 83.2957 91.3245 78.4819 89.1293 79.2597 101.306 97.6594 111.6 102.767 95.9396
109.293 100.167 75.8196 94.2974 76.3261 76.7421 74.5443 69.8502 75.2046 73.3504 63.9804 60.9143 64.3874 49.0752 56.0303 60.6792 54.9993 48.2612 53.4888 58.4362 57.2785 47.0311 50.4228 52.7382 49.9344 44.7157 42.4637 53.8144 54.936 43.4676 42.5903 41.2879 42.1923 49.1475 52.9552 45.4755 50.1695 53.0185 46.199 41.2698 59.9194 54.529 54.936 59.5848 59.5034 60.8058 67.0284 97.2549 93.5467 107.005 105.006 89.3772 108.452 96.5133 88.934 87.3965 70.4472 73.9293 58.8432 51.2006 64.1522 55.5148 58.4633 62.7323 60.1817 65.8255 53.9411 50.0339 43.7751 54.6918 55.4153 51.8608 46.1176 57.0524 49.1475 52.91 57.586 55.9489 60.7696 57.188 69.8593 56.3107 62.0087 66.0516 67.2093 72.7354 65.2195 76.2718 62.4428 71.0351 74.5986 81.0201 88.328 86.3292 89.4676 88.3823 100.855 110.713 106.39 121.015
104.213 78.0278 67.2305 85.8684 87.8238 84.7348 79.4542 77.4327 64.8311 63.9526 75.7512 50.3119 69.4221 54.6761 58.7948 54.9595 57.7462 47.818 45.5981 46.2027 43.9544 36.7562 41.8384 54.1849 52.5412 57.1983 50.208 38.3904 44.7762 37.1246 44.3795 49.4617 46.2782 55.3657 41.6211 41.4039 41.9612 40.7048 38.0315 55.3563 41.3283 44.3417 50.9353 52.664 49.9624 74.5893 77.4799 84.8576 105.829 99.2068 105.281 118.648 104.44 93.0004 78.3112 75.1277 72.3505 70.8768 64.7177 57.3495 58.1713 56.8205 63.6219 55.4791 50.5858 55.4035 53.0702 55.5074 44.899 59.1443 51.4643 47.9691 49.9812 63.1874 61.7138 69.1481 60.2968 58.5964 53.5237 65.1617 58.3225 54.2983 61.7704 69.1292 69.3465 65.8702 68.7325 67.9768 73.1251 83.0628 74.3626 65.549 79.4542 84.4797 93.7562 92.4714 112.866 114.264 103.486 126.819
99.8242 110.707 79.2311 95.0083 71.3523 70.2689 63.7689 62.0159 71.3326 70.3083 71.5985 56.7076 69.422 59.8394 59.8788 50.1583 60.3318 50.5326 44.6727 51.6947 50.3356 45.2735 55.8508 49.8038 38.6455 49.2621 50.4045 42.1712 39.8765 40.2803 54.3833 45.2538 27.5462 42.5159 46.2091 41.5902 36.9909 40.2212 43.6091 46.7409 44.0818 59.7114 50.4538 52.2856 58.4409 61.7106 73.7356 67.8955 85.3667 108.717 115.739 107.693 112.381 89.1879 97.1159 73.647 67.3636 54.9841 53.9795 56.5008 57.2394 68.6144 51.5371 56.9538 52.6894 53.95 49.1636 52 60.9621 67.5114 50.6114 50.5621 53.2409 46.0121 52.4136 62.5576 64.8818 55.2992 54.5311 57.328 57.6727 58.697 58.2833 69.1462 64.4189 68.3682 70.003 64.025 64.8424 67.1962 69.5697 79.1818 82.9833 80.3833 92.8909 95.5205 104.236 105.448 111.071 112.381
98.3536 89.5894 71.938 73.0964 67.2023 78.9186 70.8207 60.5497 62.6203 53.2104 63.1226 44.3027 60.3857 51.1808 49.7457 48.4029 49.6022 46.7218 54.9632 46.5373 54.0202 53.4974 51.9701 51.7445 52.6568 54.0304 36.9121 37.1786 37.5784 45.5225 49.2127 38.6137 45.6557 44.969 49.4587 41.7913 45.502 48.5361 37.2811 49.7047 39.772 58.4996 51.7343 55.199 57.9769 61.3083 75.905 86.1555 85.4482 106.41 89.3332 98.0461 113.084 95.6885 95.0119 89.1794 83.5621 69.9392 66.331 68.4221 54.1739 55.4757 62.9996 73.6499 40.879 50.0532 50.0327 58.9404 59.986 40.1717 61.3493 63.0406 40.8175 43.0931 51.683 50.33 46.6705 55.8448 53.3846 55.0145 58.0999 39.6387 58.2741 58.5714 59.6887 68.3811 53.2206 73.7319 70.5542 69.1909 78.4574 75.4335 85.5917 94.8479 85.5097 81.9015 89.7842 103.458 114.826 104.576
108.666 86.0191 93.1244 64.4478 81.0977 64.1282 58.1521 57.758 62.4984 62.786 51.8032 61.7953 52.3572 55.4677 59.8246 53.9977 44.3358 53.6035 54.5622 52.1761 58.0776 53.3905 59.2707 45.9017 48.6394 42.5462 44.6234 38.8391 52.1974 34.152 48.8844 36.3038 46.445 44.6234 35.4516 39.8191 47.5209 37.4649 46.0509 40.895 42.5249 49.9816 35.409 54.509 74.3014 66.2161 68.7194 79.4891 99.8461 93.2309 109.433 101.242 98.163 99.4094 73.2148 83.079 81.9286 82.5571 55.8725 71.2441 63.4464 56.0216 51.7713 50.6101 43.5262 43.8884 42.3225 64.4691 53.1241 44.2719 51.8565 47.0202 48.7992 61.3372 56.1282 51.4943 64.288 55.7021 52.73 51.995 51.26 60.2933 63.8725 65.7154 64.9911 56.7673 55.1055 68.8579 81.8434 65.8433 86.0191 88.9379 82.376 70.6582 81.2468 93.135 94.669 111.617 112.107 97.0658
92.0512 100.552 93.3888 84.3793 85.1421 74.3418 61.3859 63.9837 62.5577 60.2915 50.8288 64.7465 53.9683 44.4614 68.5713 60.9327 48.0209 44.5719 44.9257 58.6996 54.2225 38.7462 55.1511 51.4368 47.3466 39.5974 47.833 57.8595 56.2455 62.6461 48.8611 51.3484 48.5405 30.6764 52.5091 48.0431 39.31 43.1017 40.7471 49.7012 46.9487 42.4605 49.2148 53.4598 52.3212 63.8953 64.6359 79.3827 86.336 108.003 99.5793 119.853 91.9185 96.7604 81.7815 70.4396 68.2508 55.1843 56.8646 60.2694 60.6121 52.1775 60.7889 44.5719 51.9785 47.634 55.6154 46.617 49.3033 51.3705 67.6317 57.0857 49.8671 52.3764 54.6095 54.0457 47.3577 49.8339 63.7626 56.8093 58.4785 50.6298 51.9232 58.1359 53.8246 66.7363 58.777 62.6351 63.9284 67.886 65.3766 76.6522 71.6445 70.6938 85.2195 86.0044 102.675 103.283 122.938 110.17
102.296 102.273 77.7786 88.1812 81.8113 94.8145 60.5479 67.4792 55.0832 61.6936 61.075 65.7951 40.3615 59.1044 53.4105 49.057 56.8933 50.6609 46.0439 47.3271 51.7379 50.386 47.075 44.5546 45.8835 39.296 41.5759 37.0505 39.9147 52.0701 32.9949 43.7755 42.0227 46.8917 40.2584 40.3386 35.9622 44.4629 43.3402 38.4482 41.679 43.2829 55.6445 58.4514 48.6217 58.6118 87.8833 98.4577 92.7524 108.368 102.949 103.384 108.23 76.2549 94.9635 78.34 65.9898 77.8359 57.3172 53.5365 61.3499 49.7673 43.7526 57.0193 58.1764 55.7476 52.6429 49.057 41.026 43.6495 60.2844 61.9571 53.7427 59.872 43.1454 54.8769 59.1044 53.9604 54.9571 56.1143 64.8785 54.476 50.8786 60.6167 61.2583 69.1289 70.3204 71.5577 71.3629 60.1813 70.4464 73.8376 66.1731 75.0176 74.1927 96.1091 97.0486 106.202 117.086 114.279
83.4014 103.905 70.3214 83.1643 76.1321 81.5278 65.8389 67.2975 69.1 56.9212 49.7942 64.1312 50.7666 55.3677 59.625 43.4143 31.4134 44.8729 40.9358 34.5322 48.6795 37.817 52.581 46.1892 49.6045 35.8366 42.7858 57.2295 50.6717 35.2912 38.825 42.9044 35.5876 36.9039 49.9009 49.7112 36.0975 48.2289 40.5326 42.0861 42.1454 54.1937 47.5055 56.3994 65.3289 77.6975 74.8988 96.4459 102.956 101.984 105.624 103.632 102.067 85.6546 87.8128 72.6694 71.2701 66.8824 47.3395 52.4861 54.4309 51.7864 52.9723 52.9367 54.1463 48.7388 55.2966 54.6325 46.7228 55.6879 51.3477 56.9686 49.059 57.609 51.5848 59.1032 56.2571 49.7349 48.1459 48.6558 55.7946 55.2847 55.5693 47.4699 78.7884 56.2927 70.2858 64.238 72.1714 70.0368 66.2539 72.7287 77.7093 92.9595 92.8764 98.7939 82.5951 94.4418 112.17 100.561
100.794 92.2488 81.4717 85.1131 75.9054 73.3552 74.4954 45.2049 68.4387 63.3383 73.9192 65.8149 53.6524 41.1956 55.9819 49.7781 48.2455 53.5543 51.0041 50.0601 46.0631 43.5865 57.7965 45.9895 54.2041 45.4133 42.483 47.3995 36.8431 38.6086 41.2447 33.0178 48.0493 44.5305 47.9512 41.6738 40.8646 42.2623 36.7696 40.6807 36.463 55.0011 53.9344 56.0064 45.0332 75.1575 71.7736 75.5499 85.1499 106.876 115.752 99.4335 97.4841 76.9843 87.9576 73.5759 63.7061 65.2509 58.7528 64.6624 45.0822 54.5229 61.254 54.9643 45.4378 51.9359 48.2577 50.5382 49.5083 50.1459 56.5827 50.9673 48.785 61.1191 47.3627 50.857 56.7911 49.7168 52.5735 53.2969 53.8118 48.7727 56.2149 66.2931 57.5758 63.0195 62.5781 64.0371 62.0632 71.9698 59.8318 77.0211 73.1958 75.2188 82.9553 99.1025 99.9852 107.881 95.927 114.735
77.4193 78.0144 78.1284 81.9905 74.4056 80.4837 77.3053 75.6465 53.1197 50.5112 61.629 57.2224 53.297 48.3206 64.782 53.9428 54.5886 51.0304 47.5988 37.2028 45.3069 50.4859 41.5714 42.4831 43.2555 49.245 52.5499 34.3284 41.774 41.888 33.7079 36.1265 36.8989 36.7723 47.5228 40.4191 36.8736 43.5848 41.5587 49.207 49.5109 46.8391 49.6502 51.8408 63.3891 61.3504 56.8299 80.2811 102.073 102.833 113.622 97.4769 109.95 91.6774 77.166 86.0552 59.4004 58.7039 66.5928 60.3627 62.0975 42.8123 51.8788 74.6715 51.9674 51.043 50.5492 56.0954 44.4332 39.8493 53.6515 58.4 56.9312 57.349 52.208 44.0533 63.8829 58.2861 57.7163 62.1102 65.4531 47.3329 55.7409 52.0687 68.5428 64.5287 65.8836 66.3142 63.8576 70.2649 71.0753 73.6078 73.8991 77.7739 81.0661 94.096 102.365 103.365 104.897 105.467
99.9445 103.799 92.7851 96.3126 54.1922 73.3841 68.4065 59.81 51.9581 61.5867 47.3071 50.6255 47.8689 50.8999 46.3142 46.6147 45.3213 61.1556 40.9446 47.4769 52.7158 52.8465 48.509 42.852 41.637 44.2108 56.0996 39.207 33.0144 43.0741 52.4546 46.4056 37.391 43.2179 35.0263 39.6512 51.7229 45.3213 42.2641 44.7987 40.7225 49.0186 51.8928 50.5079 56.1388 60.0712 76.5196 89.6627 93.0987 95.0322 114.015 109.821 107.627 97.1356 80.9094 81.9807 67.7141 63.4289 55.4856 59.209 68.6547 50.1029 52.2194 48.1694 51.4747 44.4721 49.4628 54.8062 58.9999 50.3511 50.7823 56.6614 55.1197 48.1563 50.5602 56.7398 52.1802 51.0436 56.1257 55.773 50.2074 68.916 62.9585 60.5546 65.9634 61.0511 61.0511 77.6824 67.6879 64.9574 68.0015 82.8299 76.3498 72.9922 92.1058 85.3513 83.7705 95.5679 95.7508 127.681
108.137 96.4483 72.8143 72.1948 80.3825 82.4295 69.8381 69.1513 67.8989 54.2841 56.9505 47.1603 49.2072 42.7297 53.2607 60.0344 58.3241 49.5843 49.9613 37.4643 48.4665 41.006 48.6012 42.3661 52.2911 40.9925 44.5208 40.8309 43.4435 49.1399 33.7609 40.0229 38.986 51.4157 43.834 36.7505 34.4343 46.0156 43.43 41.9891 45.8136 43.026 54.6343 48.9109 43.2549 62.2295 73.6357 85.4999 91.4656 97.0677 104.003 106.01 102.199 92.7584 89.6476 69.2725 69.8247 66.6465 61.0983 56.4927 49.4765 59.6573 59.1052 49.6785 53.8532 51.914 57.3007 40.3865 42.2045 48.1299 48.9513 53.5031 51.4292 48.5743 46.9448 60.6673 49.9344 56.3715 57.772 53.4492 59.1995 56.0213 63.7377 62.0275 63.8993 59.2264 72.5853 58.5127 68.7069 70.5384 64.9901 60.1825 85.0151 77.0024 75.1844 91.3579 104.703 119.732 121.55 105.08
90.1603 105.679 68.7887 82.4355 72.2559 69.8011 62.0069 61.2441 70.5639 57.3886 56.2514 53.0616 53.3944 48.7484 60.0653 45.0871 48.374 54.8923 51.3557 63.2551 43.1871 40.5936 54.4069 50.9119 46.8623 46.8207 39.3039 54.282 43.0484 48.4572 45.9331 40.6075 44.6294 50.3295 45.3506 44.0053 48.3601 42.5214 48.8733 50.8703 40.2469 42.2718 51.328 60.4813 50.8287 65.2938 68.65 82.1858 86.291 100.687 86.4297 101.671 91.1173 99.6743 84.6961 67.8595 70.5361 71.8953 74.9603 64.3646 57.6799 54.1711 66.7639 59.8295 43.9915 64.3784 48.4433 52.8397 58.2069 57.6521 59.039 66.223 42.771 53.5747 53.8105 46.2105 67.7901 60.6339 54.4901 57.6105 53.9908 51.2032 51.2032 61.258 55.5996 53.02 59.4412 64.5865 66.1536 72.2697 59.8434 78.6771 78.6077 84.7932 75.834 90.5625 101.463 105.055 112.253 112.697
99.8093 88.3214 83.3837 79.8161 76.6908 77.019 77.7325 62.6341 58.4385 61.9063 44.9242 63.1764 72.538 62.8339 58.5099 46.8507 56.1552 47.2646 58.5527 42.3983 50.7324 47.6213 51.2604 46.494 53.2583 48.5775 49.7191 48.0637 55.7414 47.236 49.8619 41.2709 39.2302 41.4136 40.9141 42.3697 39.3015 44.5531 41.9844 45.8946 46.3941 50.1045 58.4814 43.8682 51.6457 64.3038 68.7991 59.7229 97.3548 87.9218 106.902 107.43 108.985 78.0322 82.5132 81.7426 69.0988 67.0581 56.4264 54.4998 58.5384 52.7445 55.0992 55.67 55.4274 51.874 47.9353 58.0818 56.198 51.9311 51.7028 65.9592 52.6732 53.4438 58.1959 53.9005 49.7477 54.4998 55.2562 61.5353 68.9275 55.6558 73.0946 73.7653 63.3049 68.1426 63.419 76.4054 65.8736 71.8958 65.1315 81.1432 85.3531 81.9281 100.537 103.377 98.6962 84.7252 106.631 119.403
97.6323 98.2339 81.507 72.7621 64.3106 77.8241 69.5194 68.8885 66.7169 53.1153 71.0453 66.2327 48.7135 55.0374 50.034 61.9923 60.9065 43.7247 52.367 56.1819 51.2665 52.0001 59.0284 57.3557 38.9561 45.148 38.3105 39.3082 61.4347 37.973 45.8816 47.2902 35.3173 55.1988 51.5746 39.1028 40.1886 44.6491 51.9415 58.6616 52.1909 49.2563 54.4798 55.6243 54.92 55.4776 61.376 89.2395 96.2531 110.955 93.6707 105.174 91.191 109.238 90.8975 79.981 74.1413 71.2948 55.2868 52.7778 55.8004 56.6367 66.1887 57.2383 49.3004 55.9178 65.6164 62.6232 60.0555 52.6604 50.6649 60.6571 46.9381 57.6051 57.8986 67.8614 53.5261 64.7948 62.3297 67.7146 55.3309 66.3647 65.5577 56.1379 65.2936 62.7406 65.0589 68.6097 66.3207 71.2801 72.3365 75.8287 77.0171 89.577 79.7316 93.1425 96.8547 107.786 103.575 108.608
103.955 88.6847 78.7053 100.518 79.0369 77.7254 81.3433 65.7108 67.2484 65.5902 62.8768 64.1129 67.7911 56.6811 70.1127 57.8569 66.8414 49.415 47.8623 56.0027 69.1328 55.1887 49.6713 47.6211 45.9177 60.2688 47.3649 44.3801 45.0433 51.8571 46.7317 53.9977 47.5458 50.3647 44.2595 47.1538 54.7063 52.3546 43.1439 36.8879 55.2037 73.6401 59.1382 46.4754 53.5154 46.2493 63.4044 78.253 82.3383 94.2322 95.8452 93.7951 102.086 98.8451 89.0315 82.7905 78.4188 69.1931 59.6809 74.8763 60.0126 62.6054 61.7763 50.6662 71.1377 53.651 67.8816 54.7967 63.4195 51.9476 56.6811 47.8774 45.4051 58.7161 59.4096 56.259 68.1379 61.9572 66.6756 57.0579 59.5151 57.3594 68.3791 67.3841 70.0825 66.2535 76.9264 64.7611 75.826 84.5844 93.1469 67.8967 86.2728 94.6091 100.126 98.2723 103.413 113.935 121.548 120.824
85.3699 99.0358 82.7078 80.1542 77.0743 91.0034 77.2291 74.5052 60.1118 90.1522 53.7508 53.1782 66.5191 65.8072 64.3524 59.7248 66.4727 54.1842 64.6929 58.4867 63.3774 54.4008 44.1707 57.3414 65.931 46.7089 56.4592 49.4328 45.0529 40.8122 56.2581 49.4173 52.6365 42.0813 51.8936 52.0638 53.6889 61.5821 64.8012 44.5886 64.631 65.4513 54.3699 65.4203 62.7273 56.4283 66.3644 78.9625 102.394 100.382 93.8202 89.239 106.836 86.7473 91.9475 84.4722 70.3574 58.5641 64.1667 63.2845 57.0783 63.2845 64.4762 50.7793 61.1487 52.3424 48.2411 65.4513 75.7897 57.5891 70.249 48.0399 57.6974 57.6045 63.5631 68.6549 70.4193 62.9285 52.265 59.3379 58.982 66.1013 56.5985 67.7418 71.4562 73.1896 64.7084 66.0858 83.6984 61.4737 84.952 74.6909 83.5126 83.8996 90.926 89.9355 106.294 120.626 126.445 107.115
114.327 96.3684 93.1608 86.7617 86.6982 90.9537 67.5642 79.5527 60.26 67.2149 63.7851 43.6508 65.6905 67.0879 67.7548 55.9886 63.7851 51.1456 44.0636 61.4192 72.8678 50.701 44.1907 49.383 56.2585 52.5905 42.571 61.1016 42.8568 53.3845 50.4628 47.0171 59.7519 54.4166 47.3029 73.1695 54.0514 67.199 51.2726 47.0488 55.4487 60.8793 43.4444 47.1918 46.0961 60.911 66.3257 83.5065 99.5441 93.4625 102.847 89.9533 102.18 96.8765 95.0822 74.0428 74.6303 61.2762 62.2766 63.4358 58.0052 62.9118 54.1625 59.1802 63.0229 57.2589 74.2333 70.1048 62.7053 66.9291 51.1138 52.4 64.325 62.8959 62.6577 79.0605 68.2629 63.531 61.3398 76.0912 67.2308 80.2673 66.024 56.7508 75.0432 73.1853 70.216 68.1994 63.4358 90.8425 85.3961 89.9692 83.3001 88.4766 102.561 108.913 115.868 107.722 141.321 132.842
106.183 105.044 92.768 81.0621 84.9533 97.7011 75.2173 75.3639 67.4351 67.7607 73.7358 57.3084 65.5954 63.1695 79.6132 62.8276 56.8363 60.4506 80.9482 53.222 65.107 51.3822 66.1652 60.9065 56.6735 56.934 72.6938 51.0566 60.2716 60.4832 50.3891 59.2784 58.0736 51.6427 51.3008 49.1355 59.8808 60.6949 50.0798 55.6641 56.5921 59.2947 66.035 48.4191 47.1818 67.2886 79.141 85.344 90.8795 111.312 99.4106 110.693 109 93.8426 78.9294 69.1283 81.4366 67.0118 72.6612 78.7991 54.2477 68.8027 65.107 56.9828 56.6572 70.7238 58.7249 73.1985 64.5534 57.8294 64.879 67.7607 65.6117 55.1105 61.9973 58.9691 65.3186 74.2079 59.9622 65.8721 56.8037 66.7025 70.9192 72.6938 57.8946 83.0972 72.8403 81.8111 87.4117 82.2506 86.7279 96.3824 81.8599 90.5376 96.3661 103.188 113.412 111.475 116.733 129.856
105.285 107.037 97.2943 82.8469 95.5926 80.9951 98.1618 73.8716 78.8264 67.9992 66.0473 66.7647 63.1946 84.0815 71.8696 77.4417 68.2495 56.3713 45.4107 54.1358 63.3781 67.2318 68.9668 46.1614 44.4764 48.9474 66.9148 66.0306 67.8157 51.233 51.4498 56.8884 62.2269 45.9278 53.3016 48.2467 53.7354 56.1711 71.1523 54.5862 56.805 65.5135 69.9177 56.3546 56.7216 63.1779 69.801 71.2524 107.754 94.8419 113.844 104.017 104.301 105.819 79.4937 88.5858 75.1395 73.7214 76.7577 74.5222 58.9738 86.9342 77.0079 60.4753 78.1591 85.5162 57.5891 69.3005 69.3505 48.5303 68.3662 61.276 73.5713 74.1885 78.2925 66.1975 75.8068 71.9197 65.4301 65.9305 74.0217 78.0923 76.424 70.4182 71.7695 57.489 85.1325 77.4417 72.2033 79.6105 85.1992 79.8774 93.2403 88.102 84.7655 114.227 97.5779 124.687 118.114 127.841
100.237 95.6581 101.792 77.0698 88.8583 79.5812 66.0842 94.2913 57.2855 70.6971 81.7339 76.8647 66.8701 73.0036 81.2385 72.5081 70.9875 63.4873 50.1953 73.1573 75.9422 60.0191 59.7628 69.3303 57.0634 40.6619 45.3944 66.2209 53.7489 62.2914 58.1397 67.058 63.0089 63.8632 49.9219 51.2375 56.2946 62.9577 60.8221 72.3714 47.513 59.199 57.0292 69.6378 68.9544 63.5727 80.0425 83.2716 91.011 96.2048 110.59 108.899 100.288 99.878 81.8364 80.9993 85.1509 76.4889 81.956 79.2395 61.0783 75.703 74.695 75.0025 72.8156 85.1851 65.7254 64.0169 63.1798 73.3965 62.7526 69.3645 78.932 89.8492 66.7847 61.1467 85.0825 72.7644 87.7478 77.121 82.8786 77.7531 79.1541 71.8076 72.4739 62.8552 74.0628 84.5529 73.4136 77.0356 95.5726 94.5305 88.3799 103.739 103.961 105.14 113.443 107.72 116.724 119.936
107.772 90.547 87.1196 100.392 92.2782 82.1708 80.0199 85.5283 83.22 78.3237 86.1053 78.1138 75.9455 62.9352 74.9137 66.6774 76.1378 66.4151 80.2298 67.4643 64.9987 74.0044 57.3045 62.603 59.5778 65.7681 66.7998 71.2065 59.0357 72.623 82.3806 68.3387 64.2642 70.5245 63.0227 65.873 77.4843 54.3317 67.3944 74.0044 59.228 55.0312 70.9967 63.4773 56.9372 80.4221 77.4144 83.5523 86.5075 123.073 114.137 112.633 103.417 93.5722 103.435 99.9899 72.2208 85.9654 78.9882 85.5283 86.595 84.5315 88.4661 74.2143 72.9202 66.0479 77.7116 62.4806 71.4863 69.4928 68.9857 71.0317 67.6217 67.6042 72.2557 74.3017 69.93 66.9222 75.4384 61.6062 67.4119 65.226 69.0382 63.8795 71.871 69.9125 72.9202 88.4136 77.7991 101.529 84.0244 87.9764 93.6772 79.7401 100.13 115.676 123.143 118.806 131.973 136.8
107.727 109.677 96.6179 96.4748 84.1851 93.8272 95.9739 77.5483 83.237 76.6718 71.1799 86.135 62.9868 80.6431 71.8954 84.4177 67.0297 88.7826 70.7506 79.6413 88.8183 50.3036 58.0673 61.341 73.5591 70.6611 56.4037 77.8882 77.4947 84.5966 70.7863 75.4017 81.2871 77.6199 77.2621 75.6163 68.7828 77.0653 77.7988 80.0886 82.5214 86.0277 69.3194 85.4731 74.1494 78.407 78.4786 98.6572 106.636 93.6483 109.945 101.18 108.353 97.6912 96.0276 95.1331 82.6824 79.9276 79.9991 76.958 74.6146 81.627 79.5877 82.915 77.8882 73.899 81.8417 76.958 79.9633 76.6181 79.0152 84.2209 83.3264 77.3158 63.1478 76.8149 80.8399 92.1099 75.6521 75.509 68.0314 85.6162 80.2853 72.1459 82.1458 80.4821 80.5358 80.8041 80.4106 84.203 98.6214 100.321 104.06 96.3853 106.993 104.328 122.235 132.074 124.9 141.376
111.52 113.806 110.55 93.1373 89.4425 90.54 71.3711 92.0216 82.364 89.1682 71.9564 76.0902 87.65 80.8458 74.6086 80.041 76.6023 79.9679 85.6197 76.6023 81.7604 62.2257 72.2857 66.1582 65.1522 73.1271 77.462 67.1459 74.7001 67.7495 56.8481 71.9016 71.0053 58.5309 67.9507 73.6209 62.0428 68.1153 74.9561 73.1088 69.7249 69.5969 68.2068 69.5055 64.4023 79.9313 88.4365 90.2108 99.155 100.582 100.563 116.312 118.617 101.972 86.2416 85.9673 73.9319 81.2665 82.5103 70.8041 77.2425 73.1271 70.5297 60.2503 74.9379 70.1822 64.7132 65.7192 67.0728 83.1139 67.9507 62.3537 57.5981 68.8836 68.6275 65.4997 87.3208 70.9687 68.0422 80.3703 83.0224 87.2842 86.2965 76.0902 84.3943 96.3748 86.4977 95.8078 95.3871 88.3634 91.7655 93.1739 103.325 96.8504 110.386 105.246 108.355 131.585 133.304 140.346
113.503 96.7733 101.447 88.2306 92.5861 95.0349 91.1467 86.0996 80.9591 79.3889 72.3603 77.2392 95.633 78.9963 77.314 65.014 67.8179 84.1556 67.8366 79.4636 64.1728 76.2858 67.7619 98.2127 54.2095 55.9479 68.547 88.7914 57.6116 72.4725 54.6955 69.9676 52.6767 53.8543 58.4715 63.8737 67.2198 73.8931 65.9673 59.8361 62.1353 71.0518 57.4247 68.4348 70.4537 71.5752 69.6499 83.0527 93.1095 96.1938 122.794 95.4648 101.297 86.3053 96.9602 83.8191 69.5003 83.1275 83.5574 71.5565 76.0802 50.4522 74.6783 68.0236 71.9678 64.9205 77.613 64.5467 86.8473 88.0437 83.3892 77.557 73.538 73.7249 70.9023 70.9771 74.2296 80.8282 70.8836 80.6413 73.2389 74.3792 78.4729 80.7161 71.8556 80.2301 81.9124 61.9671 79.2767 86.9034 85.7258 85.9688 91.6327 99.1286 98.1005 111.615 107.84 100.549 125.074 133.355
115.925 94.6346 87.9895 89.0016 91.4266 82.6811 90.3191 82.853 80.3134 79.7596 82.3183 90.2809 63.1279 73.1528 64.2736 68.8182 68.3408 78.1938 83.9223 70.0785 69.582 74.2603 75.9215 67.3288 63.5289 78.2702 62.0777 51.5564 64.7892 65.3811 56.5211 56.7693 53.905 57.5713 57.6858 47.3937 60.4546 64.6937 59.729 51.1554 69.9639 56.5211 64.5409 67.2142 69.5629 77.8692 74.7185 72.4462 84.0751 94.1763 108.135 113.577 102.597 115.983 83.1012 88.3714 87.2448 75.6351 80.8098 72.1407 84.8961 76.1888 69.1046 78.1747 71.0332 83.1967 63.9108 67.0042 68.9137 79.5877 77.6973 72.9236 68.8946 77.0863 73.9547 71.4724 84.2278 73.0191 83.3113 80.0651 73.4201 75.9024 81.5545 86.8629 76.8572 80.848 83.8268 84.9534 81.3445 94.4054 98.2244 97.1169 88.5815 100.439 91.8658 103.208 115.639 112.087 130.686 135.307
132.872 118.99 115.169 111.074 90.2125 81.6728 79.1967 81.5363 73.1331 66.7576 73.5621 68.6683 77.7149 62.2538 68.5318 73.2696 68.1809 68.7853 71.2224 60.85 61.6299 68.0444 57.633 70.2671 71.6904 61.7079 55.5274 59.6997 57.2821 65.9972 78.0854 70.5595 72.4312 68.3174 59.6412 58.1595 71.5149 82.5307 65.7828 61.7859 71.7878 72.2168 71.6709 81.2829 64.8274 80.7175 74.7124 90.0565 100.487 104.523 119.36 125.463 106.785 101.462 90.4269 98.5572 87.7169 73.796 94.5798 87.3074 84.0124 88.7892 80.2495 65.8218 73.835 75.0048 78.8457 83.0571 65.9193 75.6092 86.1961 84.8313 68.8438 76.2721 79.8791 87.5609 88.8282 71.3199 87.2684 86.8395 71.6904 72.1973 76.4086 89.92 71.7099 86.1766 89.9785 87.9703 97.9723 95.3987 98.7716 99.1226 98.4012 94.6578 101.404 107.292 111.503 118.015 132.443 137.298
97.2464 104.072 107.693 103.773 92.3711 97.0275 91.6945 80.173 84.5906 69.8256 76.7106 78.6408 78.2627 69.0296 78.1035 64.3334 66.3233 63.9753 72.691 61.3685 60.6123 64.7115 65.4279 67.3979 55.2794 59.9756 51.2001 63.5574 71.4374 65.3284 66.0248 64.0548 62.1445 80.2526 56.0555 65.6269 65.7264 72.2532 70.1439 63.637 75.5565 71.3578 85.8243 75.9345 85.2672 80.3123 84.1329 88.9286 104.848 106.479 117.185 112.469 112.071 101.127 91.7144 78.9592 73.6462 83.7946 77.5265 79.0786 90.6399 86.8193 91.0777 83.4564 90.7394 80.9889 87.7744 74.5018 77.8448 75.3575 75.0789 72.7905 67.3581 70.5817 69.7858 80.969 66.4825 90.819 82.5012 69.1291 78.2428 80.9292 76.3524 87.4362 87.9137 79.397 87.2173 81.3272 92.192 97.8035 109.086 106.659 105.763 104.589 115.036 101.883 114.3 114.18 136.169 142.915
100.693 107.677 95.3741 77.6311 85.4267 85.5485 81.6101 78.8897 73.6521 74.8701 75.804 84.7567 88.4515 73.5506 67.1557 72.231 54.9142 64.2527 68.3941 63.7046 60.0301 58.5278 54.5894 58.9135 50.1029 72.9415 73.713 64.9632 72.5558 71.3784 89.7102 76.3521 59.8271 63.6843 77.0626 67.846 63.2985 62.9128 55.9699 55.6857 80.9807 77.0626 76.4942 65.3287 67.0339 64.8008 79.986 98.2569 105.89 106.986 107.575 111.351 100.673 96.308 80.3311 87.538 91.3951 93.3643 79.4379 83.762 87.071 78.3416 86.5635 88.9996 84.6552 75.2761 70.1603 66.0189 68.7595 71.4596 85.7515 74.2408 96.3892 85.1221 78.6867 67.2978 80.595 102.479 85.2236 90.1162 89.1214 84.4319 80.5544 90.2583 89.1011 85.4673 87.0507 90.4816 90.8673 96.2877 82.1988 92.0854 85.1018 86.1169 99.5156 100.165 114.376 106.438 117.929 121.014
98.1324 85.3379 85.9797 83.4539 84.427 80.866 86.3937 73.1852 74.9657 66.8708 75.8145 69.3759 91.466 74.0754 81.6528 80.1414 73.1231 86.166 84.9031 80.659 66.3739 76.6219 83.7024 71.943 71.0528 72.8954 68.2372 57.7615 52.1716 72.0258 65.256 54.7181 52.7306 55.1943 53.2275 53.4966 56.1673 59.9974 60.3079 66.7259 70.0384 57.865 56.0845 62.5646 71.0735 68.9411 75.8352 70.1833 97.3042 121.133 101.61 102.356 107.946 97.5941 100.182 85.7727 85.2344 84.2613 83.2469 89.4371 75.9801 83.4125 76.2907 83.7024 72.1915 71.2391 67.761 75.6075 79.4168 84.427 83.0813 87.5531 88.257 76.5598 82.7707 82.7914 74.5102 88.3398 90.5758 77.3465 83.4332 94.3023 91.88 83.1434 73.4129 71.384 87.8223 80.8867 75.2141 79.2512 89.5406 88.2363 82.543 98.7742 109.291 101.424 105.234 116.33 119.746 109.954
97.4631 97.8008 102.866 82.4363 85.0322 78.0043 83.4705 69.4145 88.1347 86.6573 70.2798 70.4487 74.733 69.4145 64.3915 72.7069 60.0439 74.4375 73.931 74.2476 70.322 80.0092 70.0266 77.7299 74.5008 64.6237 82.8373 72.9179 84.0192 78.2153 60.7192 59.7695 61.3524 56.1394 62.281 66.4176 58.3133 56.6882 52.6782 50.6099 60.5926 66.2488 49.0692 49.5758 61.7323 61.8378 69.119 60.2338 96.5345 105.631 116.31 101.621 96.1546 77.0123 81.2544 74.0365 65.9744 83.6815 76.4636 85.7076 75.9993 65.4046 80.7901 90.1608 75.7038 78.8485 86.9106 83.576 90.5829 84.9056 89.9708 85.7498 74.1631 84.4835 82.0775 76.7802 86.3408 91.5748 75.5561 78.4475 75.7671 66.6497 76.9701 78.6585 79.4394 81.761 94.1496 80.769 80.7057 85.2644 82.8373 89.1266 94.9516 90.3296 96.3657 92.419 111.414 122.409 135.093 126.546
102.481 102.567 100.287 88.136 74.4145 90.9104 87.8134 81.3397 73.7908 78.6083 69.4463 77.49 66.7579 62.8867 73.7047 60.1123 59.6391 60.1768 74.608 68.6076 68.6506 63.5534 63.962 59.8972 61.2952 66.1988 81.6623 70.9948 67.4677 71.8121 70.3281 71.1669 72.7584 75.6404 68.328 70.5647 67.5537 71.0379 57.7465 56.241 62.2845 61.3167 55.9614 58.7788 54.0903 64.5642 73.9413 78.8879 93.2547 112.31 109.557 103.987 98.6959 94.3945 96.5883 84.5873 79.4901 77.662 72.6939 80.716 80.3504 76.6512 85.8562 80.9526 76.4791 73.7047 76.7372 72.0057 70.3281 70.6507 56.7141 61.9834 70.5862 79.8558 78.5868 70.6077 79.3611 70.8873 68.1129 65.9407 70.9948 69.1882 65.5966 83.7485 75.4253 77.9416 71.554 93.2762 82.028 88.6521 88.7812 88.5231 84.6303 108.697 108.654 109.234 120.289 128.053 130.419 135.215
116.6 119.908 97.4297 106.478 100.848 101.658 82.181 86.6285 88.4251 89.9587 91.58 85.0511 87.3954 77.602 74.9948 75.8712 75.0386 70.9197 85.2264 81.0198 76.638 70.4815 64.7852 75.5645 72.4753 73.2859 85.1387 76.9228 76.9009 75.3892 60.6444 67.6115 65.2672 62.7038 70.5473 72.4095 77.3829 85.1387 80.2968 63.6021 77.3391 84.3281 77.0543 77.4267 90.3093 94.4501 71.0074 79.7272 105.646 112.854 117.586 122.121 109.107 97.123 114.387 102.754 90.1778 88.1841 76.1341 77.7992 79.8805 82.3782 65.7054 71.0293 80.7131 76.1779 69.0136 60.2938 52.2313 71.9933 65.5301 80.1654 76.8133 68.4878 75.6521 79.289 66.6475 84.7663 84.7663 82.7725 85.1387 86.7381 89.6739 88.9071 84.7005 97.8679 83.868 98.5252 92.2154 107.267 98.5471 113.007 107.245 112.459 101.11 119.646 117.345 134.916 130.973 139.539
108.432 116.085 121.596 115.772 120.413 101.716 102.475 104.394 96.9641 91.8102 106.312 90.3377 102.029 89.7353 90.1369 84.2914 104.148 94.1083 82.9973 85.4962 91.5202 93.7959 88.709 104.572 85.0946 84.1352 87.3703 85.697 91.4086 87.2588 95.67 68.4059 91.5202 105.487 90.8508 85.987 90.5385 75.2777 85.4739 88.3966 93.0596 89.4899 83.8228 95.0453 97.2318 98.8382 105.777 99.1952 113.965 115.705 131.279 116.018 112.604 119.989 102.72 97.8119 96.2055 97.098 103.858 110.373 103.657 98.2581 87.3926 84.1129 85.9201 96.0493 89.1552 78.8252 81.8818 81.1232 93.5728 98.3028 79.5391 88.2851 84.0236 85.5185 87.2588 93.9744 107.25 87.8165 94.3314 95.5139 101.181 81.614 102.006 98.2358 113.34 107.673 100.311 120.748 119.699 110.842 114.434 110.708 109.057 124.942 126.415 124.161 128.69 149.395
116.2 101.437 111.453 103.799 104.912 95.7131 97.0986 103.617 104.276 112.612 107.524 104.503 96.2128 114.588 98.9838 97.0759 96.5535 113.793 96.4627 84.9925 99.1201 77.4291 105.094 109.364 92.8967 95.8494 86.4916 93.51 91.9882 108.637 89.2853 107.206 91.4204 92.0336 79.8821 86.7187 83.4708 76.8612 80.8587 93.351 88.8765 81.313 81.4493 96.1674 86.8777 103.481 111.203 107.774 125.059 126.194 137.255 122.174 110.431 109.386 102.368 111.749 104.48 92.3516 78.6329 87.4001 85.9919 86.4689 96.9169 100.074 94.1232 92.3289 95.486 111.885 91.1251 66.8902 88.7175 106.048 87.1276 98.6658 89.0355 97.621 87.6273 101.096 86.7869 106.161 95.168 109.932 97.2349 91.4431 110.772 84.9925 101.028 103.504 74.976 110.136 96.7125 96.5762 110.658 104.48 111.612 114.315 128.011 140.935 145.568 136.824
118.673 132.681 125.238 116.385 104.064 106.838 115.738 103.417 99.9961 99.9037 106.26 89.5712 88.7622 96.2053 103.163 92.3913 100.412 94.6565 87.5371 84.8095 85.8266 81.6427 98.8173 98.7017 88.7391 80.2327 81.6658 81.9894 76.0026 63.1968 78.3141 67.6812 76.2569 64.9073 68.8832 77.7363 67.0802 71.9806 78.7071 85.2024 75.6559 79.1232 71.1253 86.9361 74.4308 88.4617 91.7209 77.089 95.5812 101.267 123.065 108.919 120.106 103.487 105.336 93.8244 92.8998 88.6466 109.589 78.3835 80.8568 79.886 70.8942 65.1154 65.6701 78.6609 67.9123 81.3884 76.9735 82.5673 85.711 77.3202 92.8998 89.6174 81.6196 85.4336 85.4105 79.7242 85.6185 77.0659 86.728 81.5503 82.4517 83.5844 82.4517 82.0357 82.1744 92.9691 93.6395 113.38 107.301 116.315 102.331 107.578 121.123 116.477 128.058 136.749 135.547 141.811
131.861 128.804 132.825 114.011 117.892 104.981 98.5605 107.144 99.266 99.3365 95.7149 95.7149 92.2579 88.5186 81.7457 100.936 96.7261 79.3234 80.0289 83.8622 73.5617 85.4614 68.1998 79.1823 71.4687 68.3879 70.575 72.6445 84.2385 80.0289 82.9451 85.8142 74.4083 83.1567 89.0125 74.9257 75.0433 77.6537 63.9902 66.7653 89.1771 73.2795 76.3367 69.7754 63.0966 68.9053 79.4175 97.267 91.6464 104.063 111.518 116.504 100.559 87.3898 95.3621 91.3172 78.3357 73.5147 96.5615 87.8602 94.7977 83.1097 93.4808 102.511 88.5892 77.395 85.6966 83.5565 81.8633 78.9001 67.2121 64.9544 71.1394 63.6375 71.6333 72.574 65.5424 83.0862 78.2181 75.9605 71.3041 74.9963 86.943 78.712 82.804 94.6566 103.287 99.4776 92.5401 103.264 117.75 104.063 109.449 121.678 117.562 123.771 117.045 134.471 146.724 146.089
129.546 108.641 110.028 109.646 106.201 101.393 95.916 100.221 102.661 93.6197 104.838 88.5967 97.3511 87.1615 104.096 83.7411 86.1808 82.7126 86.731 90.1993 87.4964 94.3851 89.5774 83.6454 92.9021 94.1699 97.9013 94.8157 76.6371 90.9408 84.961 79.6987 73.4558 76.9959 82.0667 83.0474 72.6187 85.2002 75.9913 67.2368 72.4273 81.9711 69.8919 54.3205 63.936 75.3694 80.7751 76.948 92.4477 102.326 117.132 125.791 98.0448 93.6197 104.981 91.0843 102.231 84.4108 90.9168 96.9923 83.6215 93.7872 99.9105 89.2186 93.8828 80.1293 93.3088 101.035 84.7457 92.1367 71.8533 87.6399 75.178 68.1458 78.3593 70.0832 70.0115 66.9737 77.7135 86.2048 93.4762 93.2609 83.8128 91.4192 98.4992 96.4422 82.593 91.8975 92.3759 95.0549 92.3998 101.657 93.9546 94.3134 107.852 114.812 131.603 123.256 134.402 133.373
110.71 113.458 101.687 102.733 88.3103 84.6865 78.0224 89.7453 87.6536 87.9455 81.9382 88.0185 80.868 83.519 81.5977 80.6248 75.3958 88.2617 79.3844 81.5247 84.7594 76.5875 85.6593 82.911 94.5852 89.4777 92.907 103.657 88.6508 95.8499 87.8969 84.0298 81.4761 74.885 80.8194 72.1854 94.1474 72.2583 72.0638 73.3285 76.4416 84.1757 74.0824 82.23 80.6005 68.3183 91.5694 83.4947 98.0631 116.401 129.973 112.777 123.965 98.5739 97.2605 96.7741 84.346 85.3918 88.8211 86.7538 84.0298 83.4947 91.8612 94.3177 90.5722 85.1242 84.6135 94.95 87.9941 83.4947 106.065 86.4133 95.0959 93.3205 105.773 80.0411 98.1361 84.7837 89.5021 74.3499 72.988 77.2928 80.7951 71.3098 79.0439 71.48 87.2888 88.9184 74.5932 83.7866 94.7068 95.6067 106.357 107.451 111.756 123.382 116.547 119.733 124.914 123.673
97.7062 119.685 81.2158 84.3804 82.5756 73.8236 70.7579 72.9088 72.4885 77.9524 75.2822 69.1014 63.9343 74.9114 84.949 70.3376 92.0693 83.2184 102.527 87.6439 81.9575 84.4051 86.2099 90.1162 80.5483 68.2114 83.9848 86.1605 78.6446 71.2524 73.6752 70.6343 84.3557 78.1749 75.1339 82.5509 81.0922 67.3708 81.4383 66.5797 77.087 86.556 97.8546 77.7546 94.2944 88.7811 88.7317 105.272 108.683 113.356 114.592 129.772 105.766 103.244 92.8852 85.4435 81.3147 94.7394 84.0343 79.7819 81.9081 84.2815 69.8431 75.035 78.1007 73.7494 81.8339 69.2251 83.1195 82.4025 78.7188 93.2313 81.8833 91.9704 76.0734 76.6915 88.88 84.6771 85.7649 75.6036 90.1162 81.0675 73.6258 75.925 105.42 95.2833 75.9003 85.5424 82.0317 84.5287 90.9568 79.0402 95.0608 89.8689 100.846 105.469 100.203 113.183 120.18 129.154
107.511 88.4409 89.5213 87.5364 80.6521 74.4964 64.1196 81.9837 71.6823 75.426 84.647 90.6519 86.3304 72.21 81.5063 84.3706 76.3305 59.0946 83.2651 83.4661 81.0541 89.5213 82.9133 77.9385 68.4412 72.1849 78.2652 54.9992 68.1146 63.0393 73.617 58.165 78.3405 78.039 88.5916 58.2152 70.6773 89.4459 71.5818 79.9737 78.6923 81.2551 80.2249 72.1346 61.984 86.1294 89.2449 89.2951 108.692 111.631 121.807 115.149 111.556 107.084 98.5664 89.9735 86.858 96.7071 83.8681 88.667 72.21 94.9735 91.8579 80.0742 82.7375 93.4911 70.7778 64.6975 76.029 74.5969 83.7173 72.9637 77.0089 80.4762 84.0188 77.2602 95.9031 86.5314 87.1344 98.2146 106.179 115.4 109.094 94.9986 84.9987 84.4962 82.4862 82.4108 91.3052 92.2348 88.8178 89.1946 85.9786 90.8278 96.4307 97.7372 100.375 107.511 110.476 131.355
103.411 94.3233 77.2455 82.1212 81.2278 82.1212 74.3865 91.0047 63.6395 82.6318 87.5075 92.5874 60.2954 90.775 71.0679 96.5441 64.9159 61.9802 64.5074 62.695 57.9214 66.3454 77.2455 72.2422 73.3654 74.5141 66.1156 80.8959 80.5896 86.4353 72.3698 69.1789 76.1223 62.4908 73.0335 66.3964 72.2932 80.2322 72.9825 72.089 88.4265 76.25 69.1023 71.0424 85.8482 83.2189 79.1856 78.2666 92.1279 104.662 127.79 110.023 109.614 112.958 105.453 88.937 88.5286 85.3632 81.0746 81.0491 76.2244 77.6029 99.6585 77.6795 86.129 89.4986 71.8082 88.7839 76.9137 75.7905 68.9492 78.5729 76.8881 83.3721 85.1335 86.8183 81.5852 98.9948 91.5408 96.0847 93.9148 86.8948 97.4631 84.3932 95.8039 93.634 105.504 92.7916 93.6085 93.8383 86.5375 94.4509 82.4531 78.5985 99.8372 89.0902 97.31 106.934 114.439 123.373
108.722 107.192 93.0862 96.5607 69.8794 81.7291 84.8147 93.1121 80.2512 72.5502 79.5511 76.2581 79.0843 82.8182 69.4386 78.462 77.1656 73.2762 74.3393 70.761 76.3877 67.5717 71.2537 62.6711 68.7386 68.4533 75.4542 76.4655 83.0515 74.0541 67.4162 73.2503 82.87 85.0481 65.1344 59.2225 71.0722 77.7879 60.0522 74.1578 65.3418 75.1949 73.5614 77.7879 67.0532 63.6564 80.666 99.7759 91.7378 103.147 109.162 106.492 111.34 102.343 85.5407 87.6151 81.6254 86.0334 93.0343 75.9469 83.6738 91.3489 79.94 87.3299 66.4308 78.3065 71.9279 68.8941 81.4698 83.6738 98.272 76.3099 97.9609 89.4301 77.9694 89.7413 101.021 91.8675 72.3687 93.9937 93.8381 77.9953 86.0334 74.5726 97.9609 99.2833 97.183 89.8969 90.8822 97.909 105.766 98.0127 102.498 100.45 107.607 103.069 105.61 116.63 120.986 116.241
121.414 97.1099 109.275 105.299 92.0279 95.1614 81.8904 98.6634 79.4679 79.2046 72.7797 61.6679 71.9635 70.8049 57.6392 56.744 68.4088 67.9085 58.5608 81.3638 67.2765 60.9833 62.4842 75.9395 63.1688 57.6656 78.4147 77.7564 60.1407 77.1244 75.2812 91.5276 84.9448 76.9401 86.867 70.094 75.0969 82.417 68.988 57.9026 67.3292 54.9535 56.6123 68.7774 72.5954 62.3262 80.7055 85.0501 99.9273 102.455 121.203 103.772 119.228 90.7377 84.2075 92.2913 83.6809 93.4498 84.6815 80.3895 74.9652 76.2818 67.5135 89.1052 92.7389 71.8845 91.9226 76.7031 91.08 76.6768 88.2626 77.4141 65.1173 66.4339 78.7306 84.7342 82.7067 84.1285 76.1238 74.4386 92.5282 100.138 89.1052 82.4433 89.3158 73.9647 90.2111 94.6084 94.8717 96.4516 94.9244 106.326 97.0309 114.12 107.116 112.066 112.935 122.046 127.18 129.05
125.165 113.617 100.009 103.378 88.5141 84.9051 85.4932 78.4356 76.0831 78.8099 66.4056 73.8107 72.3671 73.4365 66.0313 85.9477 51.9429 79.5851 58.2519 61.7005 62.957 55.1241 79.398 67.2343 49.7775 64.2937 56.9687 75.1474 67.368 56.4875 73.2761 71.8859 75.0137 60.7114 73.2226 72.2335 64.4808 53.6805 65.1759 72.5008 49.8577 61.353 57.6371 50.3121 70.9235 60.0698 72.1265 72.581 86.8566 97.2559 98.9133 103.405 97.844 91.1339 97.7905 88.4606 77.5534 87.8992 80.7614 65.0155 78.997 78.7564 76.8851 82.8733 85.4397 85.5199 84.6645 91.6686 90.9468 84.2635 80.6277 86.5358 78.5693 67.8759 77.393 75.5217 75.9494 70.1215 73.8909 68.6245 83.9427 77.9009 76.7514 64.9085 79.9059 78.8366 80.7347 94.8766 91.5617 84.5843 89.9577 103.378 98.1113 109.099 127.785 129.015 119.899 124.31 135.404 142.248
126.831 121.485 109.708 100.564 86.2904 103.847 81.8131 73.4283 78.9096 73.9438 63.5781 78.7197 69.6293 69.3308 82.79 74.4865 67.8655 51.7743 70.6605 70.0635 69.6836 59.6164 82.8714 82.1387 66.4816 68.761 71.3931 64.7992 62.1671 61.3802 45.6145 63.0897 58.9923 59.4536 45.7231 49.5763 55.8174 56.4958 54.732 56.4144 54.0265 60.9189 78.4212 62.9269 59.535 61.4887 88.7597 80.4563 92.9657 101.975 90.6049 96.4119 102.436 98.3928 91.419 102.924 79.2895 97.3888 85.5035 85.7477 98.3385 78.1498 88.9768 82.3015 71.5559 80.4292 69.765 74.2966 71.3388 61.8143 80.185 76.5488 63.2525 75.0293 73.4554 66.563 78.3398 79.995 72.5871 64.6364 77.0915 71.0404 67.6213 61.9771 72.8313 82.7357 74.9478 71.366 96.2491 87.9185 104.037 87.6201 104.742 112.395 101.649 109.22 124.199 127.021 138.743 135.568
130.362 127.223 118.521 113.316 99.7404 108.304 87.1558 84.6223 77.738 77.022 80.299 59.5909 63.8867 76.8843 66.7781 74.4886 81.0976 86.8253 75.8104 56.6719 70.5508 61.8765 71.9276 68.5681 54.1936 62.8678 49.0716 60.7474 54.6892 47.557 57.9662 56.4516 53.1471 58.6546 47.5846 47.6947 46.9512 66.31 55.8458 49.7876 56.0661 80.7396 66.5303 54.4689 71.4044 82.3643 56.0386 87.7616 95.1416 98.749 101.2 112.821 104.009 79.3352 107.919 79.5004 92.7734 89.0008 85.2282 89.0283 99.9607 71.074 73.9103 71.1566 79.583 79.9685 71.9552 70.2478 59.0126 73.1668 62.4823 77.6279 80.6294 78.2888 74.4335 86.605 82.3092 78.2061 74.5437 79.5555 77.4076 81.428 69.7522 92.0574 86.9906 80.0236 74.6814 85.4209 76.8843 92.4154 90.295 89.4414 101.475 114.142 122.541 111.609 119.292 142.644 139.89 138.017
124.163 134.724 111.422 103.683 108.07 102.258 92.647 91.9765 83.7623 83.2315 94.6866 90.9707 82.8682 57.7228 80.7728 77.6995 76.7216 79.292 74.5702 64.0371 78.0627 56.5493 61.9137 49.6762 59.3992 46.7147 54.3701 58.7007 57.8345 58.4772 46.6308 55.6273 56.4935 43.9487 52.4422 49.8998 62.8916 66.1605 61.4387 48.8381 67.1942 63.5901 41.6297 75.7716 78.3979 70.072 84.8519 78.0627 93.8764 99.9392 113.602 96.0556 99.6039 90.1604 97.3129 79.9625 85.5504 82.7565 79.8787 73.1453 81.611 76.1348 73.7879 72.6983 69.7926 71.3013 73.3968 61.7461 56.9684 63.2827 72.838 62.6122 71.6645 77.7274 67.3339 76.7216 78.9008 80.661 85.9136 74.682 88.987 84.7402 81.4154 68.5912 80.3537 85.4107 88.6796 89.1546 93.2896 91.725 107.12 117.01 104.521 109.634 115.557 99.7716 101.029 113.685 133.774 134.975
104.098 102.057 89.8706 80.9714 92.2513 79.7244 93.0732 102.964 97.4945 98.7982 96.9276 79.8944 96.0491 78.5341 89.984 57.7598 75.1614 68.0194 53.4519 73.8577 61.3875 56.5695 57.7031 56.031 49.2574 50.5327 58.8935 55.0674 58.4117 50.5611 52.9418 56.0593 53.3669 49.0306 58.2699 78.364 67.7076 56.2577 60.4239 54.0471 61.6993 52.715 59.772 74.9064 67.4242 67.5092 88.5669 76.5502 77.9105 104.381 107.952 93.555 100.215 96.871 89.3321 87.4049 83.9756 76.6068 78.4207 81.8217 70.2867 73.9994 77.8822 76.2101 70.0883 78.4207 73.631 86.6114 77.8255 75.3598 63.5981 61.7276 71.0803 71.9589 77.9956 78.4207 77.3437 75.7283 74.0845 89.9556 85.1659 93.9234 99.5067 82.5302 97.2961 104.24 92.0246 103.701 103.871 114.584 113.989 111.835 104.75 104.835 92.7898 110.22 104.863 109.596 122.662 116.965
97.0091 88.4435 95.3995 98.0439 98.5037 79.5331 84.6494 82.8098 85.8854 86.4603 93.1575 91.4329 102.413 81.2864 79.9355 73.0371 80.6253 68.6106 63.2068 65.5925 65.5063 54.9574 51.0483 52.2843 41.5917 58.4929 53.2041 62.4307 55.0437 53.549 77.3486 53.4915 50.9046 35.5269 59.269 57.5731 51.652 47.3404 73.1808 54.2963 54.4113 69.6741 62.8619 76.1988 67.777 80.6828 79.9067 71.3699 94.9683 89.5933 99.6822 99.0499 108.277 96.8079 98.5612 98.8487 68.4094 82.2925 88.5873 70.7376 73.8994 77.6648 68.2369 69.013 74.8479 91.8065 69.6453 86.8052 75.394 71.14 76.4575 74.4168 80.2804 70.7951 66.0524 74.9054 74.1868 85.4255 82.1487 70.6801 81.6888 86.9776 99.7685 94.4797 98.9636 118.48 121.671 105.776 100.43 105.977 99.9122 100.257 110.087 88.0986 97.469 103.189 105.977 104.799 111.323 119.544
95.4222 99.59 88.7771 96.7338 93.0323 96.6463 96.5297 92.5077 71.1732 87.9318 85.8334 84.9881 88.9811 82.9188 68.8999 85.8917 86.766 80.0334 81.7821 66.3059 67.2969 75.0495 68.7541 52.3744 58.9613 68.8999 55.4929 69.4536 72.4847 61.8467 59.3693 66.5974 68.4918 59.0778 46.7493 50.1302 48.6146 52.899 58.2909 52.3161 55.0266 70.5903 65.1984 62.313 57.9412 72.0767 62.0215 67.3843 84.2012 108.188 98.1327 104.399 105.973 91.8373 80.2957 79.6545 77.2646 71.6104 82.3068 82.8897 88.7188 83.8806 81.8696 70.2114 80.5872 70.8235 70.8526 75.0204 76.5068 70.6194 95.1308 77.4103 88.2233 89.768 89.1851 87.4364 75.1661 80.1791 90.7298 88.2233 84.6093 86.6786 88.9811 103.641 93.2363 106.323 95.5097 101.922 106.148 96.8795 93.6152 87.6404 112.093 98.7448 108.013 89.8263 96.1509 104.341 109.674 118.826
109.03 98.5999 89.4698 91.3017 80.6646 69.8798 82.467 82.4965 74.6369 72.7163 72.805 79.0395 78.0349 87.8151 77.4439 76.1143 85.1558 72.48 86.6923 68.166 81.4328 82.6443 68.5797 75.7893 66.8659 71.5049 68.8456 78.8031 70.323 54.8106 58.9177 73.9869 51.5899 62.3156 62.227 53.54 60.0996 61.7838 72.7754 51.2649 73.2186 57.854 55.9925 72.9527 54.3674 65.9795 69.7025 69.9093 79.2759 98.4817 99.8114 112.428 99.3977 89.6766 91.9813 84.5058 66.925 78.8031 69.2593 62.877 72.3618 82.3488 89.322 74.046 72.3322 93.37 73.0709 82.1715 80.8419 91.6267 79.2168 92.8677 87.4605 95.8225 88.3469 101.377 85.7763 83.9148 87.6969 87.4605 88.5538 103.446 99.9296 80.4282 100.166 71.5935 72.5391 95.0247 75.5824 93.3405 92.5131 78.3008 86.6036 99.1909 97.743 112.93 107.848 105.869 112.665 137.425
107.189 98.414 97.0064 84.787 86.4941 76.0118 78.887 68.2549 69.7524 63.3731 71.5493 54.9873 70.9504 74.6641 67.6859 73.6458 77.2996 71.6991 64.8706 74.6042 82.7505 70.3214 79.3362 82.2114 64.2117 82.9601 66.6676 63.9721 62.6543 85.4459 77.1199 64.7209 83.2895 78.1382 74.4844 61.5163 61.3366 78.6174 60.7675 77.7788 67.2067 65.7391 44.2055 55.6162 65.4396 69.1234 69.2133 69.5727 79.8753 99.1927 107.279 92.3942 105.512 79.8753 85.2063 78.8271 74.2148 70.0219 70.3514 62.9538 74.0052 70.5311 83.619 81.3728 80.9535 74.0352 96.9765 83.0799 95.8683 92.4541 89.7586 75.8621 82.3911 93.7719 83.8586 112.969 107.519 105.003 95.6587 124.26 94.4607 90.7769 78.7372 86.9434 81.0733 83.4692 79.9053 84.7571 85.8353 87.1231 70.8905 98.3841 92.1546 83.3195 97.1562 106.8 109.406 118.69 127.136 134.713
99.7351 106.018 90.66 82.0401 78.398 71.9331 65.4379 73.0257 65.4379 58.7909 69.4443 68.9283 60.0656 67.1376 56.0896 55.5736 71.1136 60.9155 64.8612 69.5657 71.7813 76.6983 83.5881 86.8357 71.8117 69.6264 72.3884 77.9123 69.0497 60.1264 83.4363 79.1871 72.3884 68.0177 83.1935 74.6951 76.4858 73.5721 63.1919 67.0768 68.0177 55.7254 58.973 57.0608 75.7877 59.5497 72.2366 78.0944 87.8676 107.08 109.114 110.692 89.0817 101.283 77.9427 77.4571 81.4331 66.4395 80.8868 81.767 67.7749 74.3612 76.243 75.3932 84.62 85.3485 73.5417 69.9299 93.2399 95.0913 95.0609 103.468 88.8996 99.4012 94.636 104.531 103.954 83.9523 89.537 84.0737 87.1696 72.6919 67.35 86.4108 80.128 69.6264 77.6999 93.4523 91.874 74.6951 84.8628 87.8069 84.529 93.5737 106.807 112.634 114.304 121.527 122.559 117.278
106.715 88.4779 92.6912 102.102 87.7398 93.8905 75.3462 63.0447 74.3313 63.5983 73.3164 73.747 63.1063 62.5219 78.2677 49.8515 52.7423 70.9484 65.013 56.5558 75.5307 73.3779 73.2549 73.1934 69.7798 74.116 77.4989 69.6875 88.4164 66.2431 72.0248 76.7301 82.358 71.0099 75.0079 83.5574 77.8064 67.7808 70.6716 72.5476 72.2093 77.0069 67.1965 61.6301 56.6173 59.8464 73.747 90.9075 93.8905 120.031 121.784 113.235 100.349 99.7337 89.1237 96.9351 82.6347 86.4789 67.9038 69.5645 92.7834 79.1904 77.0684 70.5486 66.5814 82.2657 84.7567 83.4651 87.8013 84.4492 97.95 104.716 94.0751 106.223 98.9649 83.6189 83.0345 74.6388 72.7014 83.0345 74.4236 85.1258 88.6624 83.8956 74.1775 76.7608 83.4958 81.2508 90.7844 90.7844 90.9382 93.2447 93.6753 89.2775 111.574 90.1079 117.54 117.755 112.189 135.592
84.712 85.522 95.928 89.1672 78.4185 101.006 91.7843 81.1291 75.9572 73.1532 70.7231 73.8075 79.2597 63.4327 70.8789 67.5764 54.8961 68.7915 63.7443 62.28 69.3834 65.8005 76.4557 81.316 70.2558 81.0979 72.312 77.6708 82.9984 82.8426 70.2558 64.5543 68.5734 71.6889 56.9835 66.5483 78.6678 69.8508 67.7945 63.4327 69.5704 60.9091 77.1412 76.8608 72.0316 67.5141 71.3462 72.094 101.536 124.342 118.703 105.617 104.932 97.735 108.92 88.2325 80.9733 77.0477 78.9482 75.6768 70.4739 65.2397 82.9361 85.3351 67.1402 75.2718 79.104 77.7331 84.3692 77.7954 95.0244 85.9893 77.3592 79.7582 79.3844 81.8145 82.3753 82.9984 73.309 80.0075 79.2597 86.6124 78.8859 82.7492 77.4216 81.2848 95.1491 85.2104 97.1119 100.165 102.844 99.3551 98.7943 92.0024 86.0516 83.4657 99.1058 114.933 107.829 114.995
99.6588 100.164 88.3297 100.006 80.0616 87.446 95.0514 76.5271 73.9078 82.8702 78.8308 72.7718 76.2431 67.2492 70.8783 79.9985 69.8054 62.6733 80.9136 65.9553 71.3517 70.2156 78.0419 72.1406 76.5587 69.8054 90.1284 71.4779 83.6907 85.521 85.6788 66.9652 59.5491 70.184 67.8488 66.1131 54.8155 56.1094 63.3361 69.048 66.8705 67.2808 70.7836 72.5193 58.8233 76.2747 78.3575 101.71 107.58 113.828 121.907 130.806 109.852 94.1678 99.8166 80.9136 73.3714 85.4579 76.5587 67.2808 80.8821 75.2964 74.3181 68.5746 76.0222 84.1641 79.0833 94.4834 83.3436 66.9652 85.8366 68.6062 71.2886 70.0894 79.746 84.7636 88.1088 79.9669 83.7222 93.1264 98.7437 78.6415 83.4698 103.099 87.5723 99.1855 96.0297 95.7141 108.653 102.057 99.8166 92.8108 81.7657 93.7891 92.0534 100.732 109.757 112.597 121.749 127.145
96.518 102.335 92.7467 83.3506 77.1505 84.5971 68.3935 86.1631 80.0907 83.2228 80.8258 96.2943 86.0992 87.3136 91.0529 83.1589 79.2598 69.8956 75.0731 73.3153 80.7299 76.1917 83.862 87.3775 81.1454 63.3439 69.608 62.5769 78.4608 72.3246 85.396 85.46 80.5062 73.9865 75.6803 73.6349 80.3145 65.4852 72.4204 71.9091 65.2295 67.1791 73.2194 82.4877 65.2935 77.3742 87.9208 74.4339 97.8283 108.95 121.542 117.739 100.225 92.1715 124.738 94.121 92.0756 103.325 88.7198 99.1387 80.7939 83.3826 83.8939 86.1311 96.7737 81.0176 78.0134 73.8586 63.4078 54.0437 58.1025 65.9007 68.6812 83.4465 71.4297 79.8031 73.6349 72.6761 79.899 85.6837 83.3826 79.6114 100.864 83.9579 86.0992 93.1942 96.9654 103.741 91.0209 83.83 86.8981 84.7568 101.088 91.5323 95.9747 101.855 117.483 113.457 119.689 123.236
114.916 88.3149 90.6772 81.6807 86.988 83.2341 86.4379 79.0918 74.5288 86.535 90.2565 78.6387 86.3084 90.03 72.1017 86.2113 78.7035 94.3017 85.1434 88.153 77.053 79.9332 84.5609 65.8559 75.888 71.4868 74.7553 56.5034 82.0367 73.7198 73.4932 88.0883 83.2664 81.6807 84.9492 65.3705 78.8329 81.8425 75.6615 87.0527 69.4804 85.014 72.5871 73.9787 81.4542 75.5967 88.2501 81.7778 94.0752 98.5411 124.366 112.198 101.13 97.4732 87.0204 95.8227 86.8586 93.1691 96.7612 94.7872 88.6708 90.386 101.486 82.9428 93.4927 92.2306 76.8588 69.3509 77.7002 64.6585 70.4189 82.1661 57.992 79.2536 64.2378 75.1437 66.7944 88.2501 90.5802 71.7457 92.7808 100.968 98.1204 95.2079 92.1335 82.6839 89.674 83.3312 90.5478 93.0073 89.9653 81.0982 86.3732 85.8877 104.56 98.444 103.719 113.589 119.447 141.776
89.8379 97.3408 92.9832 86.3649 77.8464 69.3606 90.5259 94.0644 90.8208 96.6527 80.4347 78.9604 87.9048 91.9675 96.9804 74.0786 101.305 83.8421 96.4561 84.3664 83.0886 90.4604 77.0928 77.5188 77.0601 66.5429 69.3606 63.627 66.8706 70.1142 61.1042 82.2367 66.0843 67.4931 79.0914 75.7168 91.9348 92.1969 83.3835 84.3008 77.9775 83.7766 62.9389 64.9703 57.8278 72.2766 61.0387 77.3549 91.7709 101.895 121.193 124.961 115.721 110.872 98.8807 97.8977 97.8977 100.421 103.304 101.174 113.788 99.8963 96.7183 86.1028 81.4832 81.4176 77.2567 75.8151 65.9204 82.4333 70.8022 65.7894 65.8877 67.7552 72.3093 70.8022 67.3948 80.2709 77.1256 86.7581 81.8436 88.1342 87.6427 96.0957 87.6427 88.8222 75.8478 89.1171 91.5088 76.4048 82.335 86.5943 95.1784 99.0772 106.056 109.267 124.469 114.509 126.206 132.169
109.579 105.036 89.0166 108.717 87.6237 97.7724 91.0397 103.709 78.3373 85.9985 88.7845 97.6729 90.4096 93.3282 66.6961 86.7614 87.4247 87.8558 97.4739 98.5352 89.1161 94.3563 90.2769 75.9825 83.8096 79.1001 66.8288 71.472 81.9192 77.1765 80.5594 70.3112 68.5866 81.3222 70.9745 76.5463 88.8508 88.3201 76.5795 84.8377 79.1001 78.6689 77.8066 71.5052 72.6328 82.5493 63.9102 79.9956 97.905 110.84 117.207 106.064 119.33 103.112 103.212 108.551 101.553 115.582 99.5301 115.184 102.615 91.9352 89.4146 91.902 83.4448 79.5976 81.7202 83.1795 82.0518 75.2529 85.1694 73.9926 84.5724 95.3181 88.9835 74.2911 70.8418 91.504 75.4519 82.1845 72.9976 71.9695 75.286 77.7735 76.1815 87.8558 87.093 86.7282 84.4729 90.5754 102.747 93.0628 101.155 101.421 103.974 102.814 112.962 140.656 133.492 144.271
121.079 113.09 113.962 97.0106 102.247 104.395 93.5867 93.486 106.376 91.2034 89.8271 86.034 86.9403 88.9879 95.7014 87.1753 88.8201 94.8287 77.4071 94.5937 84.322 92.6468 85.6983 94.9965 83.7514 92.7139 90.3642 92.3447 77.9777 84.9262 86.6382 76.4672 85.329 61.8988 83.8856 70.4586 74.7888 79.5554 73.4796 76.7021 75.6615 85.0269 80.2603 90.7334 75.158 84.4563 95.5336 85.8325 92.5461 104.865 138.332 116.95 122.791 117.353 118.259 101.676 110.673 93.8217 92.009 77.8434 85.4633 82.3751 77.877 86.7053 82.9457 89.2565 96.1714 98.5883 85.6647 98.0512 91.8412 92.4454 81.5359 94.493 92.4454 88.4508 103.254 78.7162 80.361 76.9035 88.9208 87.0746 75.0573 86.3696 101.005 93.4188 86.7053 95.1979 92.1433 100.535 91.2705 99.9981 116.849 104.395 106.309 110.807 114.902 121.179 141.253 137.057
128.677 112.813 106.053 116.72 120.287 101.264 110.877 94.8774 107.174 109.077 100.856 93.1109 99.4972 109.62 92.6693 82.5124 90.1556 91.9899 84.1769 87.3361 85.7055 84.1769 91.0388 102.487 104.491 97.7308 95.0472 101.467 100.075 89.2044 86.351 85.7395 74.2578 80.7799 74.0879 70.2833 87.7098 98.3083 91.0048 80.3044 87.2342 88.7968 94.4018 91.4125 103.676 99.5652 101.162 86.7926 104.593 106.087 119.03 118.452 120.185 96.4739 100.482 110.402 114.919 96.4739 99.3614 101.773 92.8392 84.9242 66.0371 91.3785 95.3869 89.2724 93.009 90.9369 100.346 90.2575 107.005 117.943 109.858 111.387 107.616 113.051 102.181 97.6968 92.8732 97.9346 91.7182 87.7437 89.2724 97.1873 93.9942 101.807 92.8732 100.177 91.1747 101.977 98.9537 113.459 114.614 111.828 106.461 124.873 128.881 128.066 138.834 143.182
137.349 111.261 115.936 110.711 128.241 113.117 111.502 110.711 124.597 118.857 122.466 108.718 106.449 114.698 97.0314 116.589 109.165 108.958 122.57 118.651 109.646 120.679 116.898 111.605 100.675 106.312 113.564 113.633 113.392 114.252 92.0475 107.721 85.9637 87.5104 98.9562 88.8853 106.862 94.9003 99.5061 83.2483 90.2601 98.8874 101.672 94.0754 95.1753 102.6 106.415 102.703 117.861 130.166 139.824 131.644 117.586 114.423 112.121 100.744 96.5845 112.224 104.593 113.873 101.293 108.683 107.996 114.905 105.968 95.519 119.029 121.538 114.389 120.232 112.258 109.336 118.445 122.191 115.798 107.205 118.582 102.6 101.603 114.733 109.715 104.043 101.328 93.7317 107.205 96.1721 101.637 109.474 102.428 113.427 107.927 112.327 128.722 128.035 131.266 128.894 137.281 143.571 147.111 144.361
142.225 116.735 137.461 127.063 125.672 113.78 126.959 117.153 120.874 124.872 112.389 121.847 108.425 117.535 109.016 105.851 119.969 117.466 111.519 127.411 126.889 126.507 111.693 115.136 116.944 126.715 126.576 123.342 115.518 127.515 132.731 125.325 117.709 114.44 120.665 122.091 113.397 109.572 109.259 100.566 113.432 120.526 120.491 99.1052 112.528 118.752 130.089 117.605 132.418 135.339 132.662 132.418 136.661 132.349 123.064 130.749 132.627 133.323 115.97 121.395 132.975 134.296 135.27 123.308 132.21 137.009 145.424 136.904 126.333 117.744 118.161 123.934 125.568 110.58 121.847 113.119 116.77 115.414 109.781 108.703 108.285 108.32 103.104 111.033 110.546 100.009 101.609 107.312 119.378 95.2453 106.721 112.18 119.656 126.785 145.737 131.549 152.448 145.667 146.884 160.689
143.517 142.778 141.195 133.527 130.467 129.763 126.984 128.638 123.783 118.964 123.783 132.331 119.738 111.648 116.959 127.653 120.653 125.683 121.638 123.783 115.447 123.643 106.618 131.346 120.969 118.402 126.914 115.025 131.241 119.738 134.125 127.794 126.809 138.17 120.231 134.407 129.904 132.261 136.165 122.517 122.06 121.216 115.799 126.562 118.789 122.306 122.201 134.231 128.567 141.336 145.1 136.658 131.206 129.447 131.628 125.964 118.472 121.216 122.095 136.412 118.226 130.397 130.889 126 109.678 147.246 138.839 147.492 125.12 133 129.165 128.216 118.613 121.392 123.748 128.849 122.904 106.583 115.025 118.12 130.889 133.457 118.648 120.371 111.578 130.185 105.281 115.06 107.216 113.407 111.366 122.728 128.427 114.005 131.804 138.452 140.211 144.502 156.356 161.668
136.654 138.753 128.543 136.049 135.516 137.65 123.989 132.1 127.938 126.372 122.565 130.713 116.766 129.112 117.442 124.629 127.582 121.356 112.533 107.267 103.923 108.228 113.707 113.137 112.71 112.675 107.943 109.188 106.769 121.818 130.321 131.424 117.086 126.408 127.582 131.816 126.942 135.48 118.723 111.394 108.975 112.533 106.84 128.685 112.639 136.405 130.001 120.929 127.048 122.139 137.935 142.88 122.992 122.281 113.884 109.402 124.095 111.679 108.05 127.76 110.006 128.863 111.75 128.792 111.821 118.759 126.586 118.545 107.267 116.909 111.963 125.483 116.304 111.536 102.962 107.516 119.897 128.756 124.38 115.948 119.008 113.778 113.707 117.193 128.649 124.665 114.169 121.036 104.314 114.205 111.501 114.062 118.51 116.624 116.909 126.515 130.748 145.086 160.847 161.594
149.028 154.065 153.958 141.293 144.279 133.737 156.512 139.602 119.957 114.524 130.103 124.634 121.432 135.104 116.934 120.532 120.029 116.323 106.536 102.758 105.709 114.236 114.812 98.009 104.09 112.293 93.7274 107.867 104.233 104.054 113.768 116.862 103.226 110.962 116.539 114.955 105.961 92.612 100.6 102.003 106.176 95.0226 110.386 104.449 113.264 102.075 101.679 113.66 101.931 113.732 125.713 139.889 137.011 131.182 110.71 111.969 92.8998 100.923 91.4966 93.3316 105.061 100.564 107.724 106.248 112.077 107.831 101.679 90.6691 98.0809 103.19 93.3676 89.7696 115.639 104.09 98.8725 97.7571 95.0226 102.722 93.5475 113.66 102.542 110.17 116.934 115.963 110.062 109.415 117.006 129.203 125.102 122.943 134.888 128.628 131.47 134.205 132.082 140.861 145.934 157.771 156.512 160.83
142.544 145.018 148.474 135.922 149.093 144.545 143.708 134.649 132.757 114.967 125.917 107.545 112.347 104.452 117.55 117.04 98.7039 104.634 95.0657 111.438 86.807 103.506 91.573 99.5407 91.282 95.0293 90.518 87.0981 92.0096 100.814 91.2092 93.1738 79.6398 86.9162 91.282 96.8484 100.268 85.2426 92.4462 95.7933 97.7943 85.8611 86.0066 105.289 82.6231 81.8591 83.0233 102.56 97.8307 117.331 122.825 126.063 129.956 130.574 110.091 100.377 114.021 100.414 97.5033 98.5583 88.808 102.306 85.7883 83.1688 78.6211 71.7813 76.3291 72.6909 85.6428 72.1815 83.1325 80.2583 84.7333 86.4068 101.687 83.2052 73.4913 91.9005 81.277 107.981 110.128 109.182 111.51 127.737 108.054 114.712 122.971 112.383 124.135 122.207 122.061 125.517 132.393 144.654 149.748 145.382 152.694 160.371 157.133 166.556
139.19 136.321 133.562 121.791 128.67 128.302 111.86 127.088 130.656 120.614 119.805 123.741 116.31 103.399 105.533 92.5481 99.9417 103.951 109.726 100.457 96.484 91.9596 91.2975 97.2933 90.4515 83.0211 97.8082 96.3369 79.1588 99.5003 100.714 94.0563 71.6181 81.7337 81.7705 87.3616 89.3847 91.886 81.4762 94.792 89.1272 95.3805 84.8235 101.487 69.3743 75.8115 69.8893 73.1998 88.3548 95.6012 115.906 126.242 115.796 102.149 100.751 105.827 109.653 115.612 94.1298 87.3616 96.3737 80.4463 73.0895 76.2529 74.8919 61.8336 79.0485 71.2871 75.2597 64.0039 70.956 73.0159 73.2734 73.7148 94.792 95.7851 97.8082 95.0494 101.671 97.7347 100.126 108.954 87.8766 96.9622 109.505 100.42 114.435 104.025 114.287 124.293 130.914 120.21 133.121 129.884 139.963 141.25 147.246 149.894 149.49 159.384
133.051 137.588 121.97 123.569 110.814 114.607 122.527 120.371 110.182 106.909 125.688 117.954 114.458 101.889 107.802 97.1295 98.2822 97.836 98.6541 107.653 109.215 102.596 105.645 78.6109 106.463 93.6712 96.4601 95.233 92.1466 96.0139 89.6923 90.7335 85.4531 86.3084 86.3456 80.433 81.1395 93.7084 90.2873 90.9194 80.8792 85.7506 89.3948 70.6531 76.9375 67.418 66.1165 71.3968 96.7948 100.216 109.326 128.923 121.523 114.495 101.071 98.9144 108.917 103.972 94.2662 94.4521 91.9606 81.3627 67.9014 71.7687 69.4632 75.227 59.2743 83.1848 82.2923 89.4692 70.4672 91.5144 86.6059 100.29 94.6008 101.815 94.4521 104.827 100.365 97.3154 92.7415 103.786 110.851 107.356 101.406 95.0842 106.798 101.108 115.276 121.114 124.982 133.981 128.998 130.374 119.143 125.316 136.918 142.496 146.475 156.924
133.324 112.914 127.009 130.242 112.839 130.016 108.591 103.968 119.342 97.5405 111.824 107.652 98.593 102.84 113.779 109.118 107.389 100.773 103.291 89.2336 88.0308 100.172 112.839 94.1576 89.0833 95.4356 100.36 104.306 86.5273 84.1968 87.8053 90.5868 80.2877 92.3534 100.322 98.1795 91.2258 100.36 93.4059 99.6831 74.4992 88.1436 89.9102 76.5289 77.1303 78.9345 87.9556 89.1209 97.0519 105.998 120.77 129.077 111.486 123.063 108.629 101.6 97.0519 96.9016 101.826 101.074 100.472 96.864 98.6306 77.9948 96.6008 79.0849 91.7144 91.3385 87.3542 96.6008 97.2774 88.106 83.1444 97.2023 97.315 78.4459 96.4505 99.8334 110.584 97.9164 96.1122 97.4278 92.4286 97.315 84.7231 107.238 105.396 123.213 101.901 110.057 113.403 118.928 110.471 122.574 116.372 123.777 140.992 140.579 144.112 152.983
113.172 122.062 112.716 108.727 114.767 115.451 120.086 107.701 97.634 96.2664 106.372 95.1267 100.977 111.348 104.852 111.728 116.743 101.395 111.652 117.541 105.688 102.421 84.0716 106.904 101.319 96.9122 93.6451 95.4306 96.9502 89.4282 97.4821 90.5679 107.777 103.409 101.167 93.2272 101.623 103.105 97.71 90.4919 96.8742 81.8682 89.5802 89.0863 91.7456 90.226 97.9 92.0875 99.3816 118.187 127.038 132.167 133.003 101.775 110.133 99.4196 98.8497 94.3289 90.6819 105.802 128.406 130.419 107.549 119.022 87.9086 88.7064 90.0361 88.8584 98.9257 87.5667 92.7713 90.8718 82.742 83.1979 84.0716 95.6206 106.942 84.7555 92.9613 85.7052 88.1366 103.978 90.6059 98.8877 89.5802 88.7064 102.535 102.611 100.597 94.7848 107.207 102.611 120.276 109.981 119.934 137.144 127.874 138.815 140.449 151.2
119.629 116.443 107.459 116.558 114.37 96.4789 105.232 109.148 95.3271 94.7513 90.1442 84.9229 87.4952 89.338 84.8077 105.347 92.9084 80.8918 103.236 87.9175 101.086 84.3087 90.4514 100.011 100.165 102.545 95.6343 101.278 99.627 88.5702 84.3087 102.276 103.62 94.7896 106.921 100.779 106.921 109.071 85.4988 86.1899 85.5756 96.3637 90.1826 92.8701 97.2467 93.5611 109.954 92.2174 110.338 127.999 133.642 126.578 124.889 121.626 105.616 109.379 107.344 109.801 115.329 106.96 111.029 110.53 128.805 115.483 115.56 107.92 100.932 92.4477 107.574 79.3177 86.5738 100.395 81.4677 83.1185 90.5281 86.9577 90.3746 84.3087 90.3362 77.8204 93.7915 96.3253 95.3655 101.355 101.355 114.6 103.197 105.079 108.879 99.2047 113.947 118.554 109.379 110.837 123.545 122.086 126.425 125.081 126.617 142.012
112.425 119.214 118.554 114.248 97.8771 94.4244 102.998 92.7951 73.5921 106.179 91.3985 87.5579 94.0753 87.4027 94.696 97.14 92.2132 87.9847 93.6486 96.3641 94.4632 82.7475 87.1312 87.9459 93.8425 99.778 92.4072 91.0494 103.269 96.209 121.153 112.89 121.347 119.602 100.088 105.364 90.0019 88.2562 99.8556 91.4373 104.938 102.3 95.0452 103.968 94.2693 105.015 100.748 101.097 102.998 133.49 137.253 131.628 116.459 117.507 120.339 116.382 117.39 111.959 105.209 103.037 109.787 107.071 104.123 109.205 107.964 106.761 97.7607 99.0797 84.6872 83.1354 79.1008 79.062 84.1441 76.618 82.2432 67.6178 78.5965 85.1527 84.1828 84.2604 85.7734 106.101 87.364 104.627 92.1744 102.998 110.408 99.2349 110.563 120.378 111.261 139.503 127.516 124.179 131.007 115.994 129.998 114.985 133.723 141.831
120.998 100.067 95.9517 99.8321 84.6241 93.0904 95.2854 91.7577 103.007 95.1286 94.9718 98.0291 94.2271 87.7598 95.7557 95.1678 103.517 77.6472 80.7437 97.0492 77.7256 92.2281 72.5909 84.1537 98.9698 96.5005 89.9547 82.8211 102.615 85.8 102.184 98.1075 106.339 98.3819 103.36 101.047 111.434 93.9919 114.805 106.143 103.085 111.121 90.1899 97.4412 111.787 107.044 94.5407 107.397 110.533 117.509 132.913 132.404 118.254 120.998 122.527 111.199 105.516 119.626 112.571 113.629 103.869 109.592 112.61 103.908 109.357 107.946 114.374 97.4804 95.2462 89.1316 100.734 93.3256 89.1708 93.8743 93.404 87.407 107.319 84.6241 90.1115 87.8773 84.7025 92.6592 95.9517 91.1306 97.01 89.602 96.8532 105.28 90.7386 108.847 118.333 110.807 127.622 132.247 118.999 115.902 127.034 126.485 125.231 142.203
112.577 114.993 100.381 86.482 98.6386 101.846 95.2331 81.7698 90.5606 80.7799 92.7385 100.698 117.091 97.807 95.6291 82.5618 85.1357 92.2237 100.42 92.3821 85.888 101.846 93.2928 95.6291 83.3933 93.2928 97.4902 87.1552 104.935 102.361 98.9949 101.49 86.1652 94.164 89.9666 95.4707 90.3626 88.3431 102.4 104.103 102.4 107.192 112.973 118.121 116.774 113.527 111.627 105.885 128.773 134.356 138.197 118.279 127.783 112.458 98.7574 95.7479 103.113 96.0251 95.8667 90.6002 98.4406 96.4607 94.0452 104.499 106.875 118.675 115.705 126.12 120.536 99.7077 116.141 104.42 90.6002 102.163 90.2438 74.761 81.8094 91.2733 75.3946 92.2237 88.4223 92.7781 87.3927 99.6681 98.1634 99.8265 92.1049 110.28 111.389 118.081 120.299 112.894 122.318 112.498 120.972 117.131 122.239 126.04 137.999 133.247
116.72 116.04 94.6 92.12 96.84 97.04 97.4 82.04 83.32 89.08 86.6 79.96 88.28 102.76 96.56 75.04 92.12 83.72 82.64 94.52 93.56 83.56 111.2 97.4 107.16 103.48 112.12 102.96 117.04 94.6 88.32 88.72 85.84 85.36 86.52 88.8 92.72 93.52 89.12 102.28 89.72 103 102.6 109.2 96 106 97.84 102.68 115.52 121.04 116.44 130.16 137.2 130.32 111.36 103.56 101.92 94.44 98.56 105.76 102.4 99.12 109.56 95.56 113.04 111.12 103.56 123.28 126.56 117.2 92.96 107.36 95.48 106.76 100.04 91.52 101.64 102.76 97.76 91.68 104.64 93.2 95.04 95.24 98.2 102.92 117.8 107 109.84 123.56 122.68 122.6 100.96 109.32 106.76 111.32 120.4 113.52 131.24 137.4
